tissue	gene_id	outcome	n_snps	PP0	PP1	PP2	PP3	PP4	gene_name	is_mito
Brain_Spinal_cord_cervical_c-1	ENSG00000271904.1	F3	60	0.0793273742945381	0.123433856456314	0.0188709816543162	0.0286136031865288	0.749754184408303	ENSG00000271904	FALSE
Brain_Cerebellum	ENSG00000147804.10	ADHD	55	0.000670339057901482	0.00582551930449205	0.025292484486458	0.219052827788702	0.749158829362447	SLC39A4	FALSE
Brain_Putamen_basal_ganglia	ENSG00000173421.17	ADHD	150	0.0215532283100815	0.126918065889929	0.0151494384086949	0.088460871790638	0.747918395600656	IHO1	FALSE
Brain_Amygdala	ENSG00000167553.17	ADHD	90	0.00363950786585005	0.210823429651915	0.000659417620662513	0.0374502326795641	0.747427412182008	TUBA1C	FALSE
Brain_Anterior_cingulate_cortex_BA24	ENSG00000269918.1	ASD	267	0.00597086668413338	0.0663785747727828	0.01501079429406	0.166129620937438	0.746510143311586	ENSG00000269918	FALSE
Brain_Caudate_basal_ganglia	ENSG00000160746.13	ADHD	83	0.0823845430249224	0.0865049064251601	0.043534835402184	0.0449695714617833	0.74260614368595	ANO10	FALSE
Brain_Cerebellum	ENSG00000145354.12	ADHD	396	2.85439599103006e-08	0.012149295292462	5.7844927457756e-07	0.245465607345308	0.742384490368996	CISD2	FALSE
Brain_Cerebellum	ENSG00000233609.3	ASD	900	5.92264902701264e-07	0.0188860209992562	7.51731209266254e-06	0.238968359249749	0.742137510173999	RPL10P19	FALSE
Brain_Hippocampus	ENSG00000168036.18	ADHD	88	0.000695044646846833	0.208974730329831	0.000167712085118304	0.0496844664799828	0.740478046458221	CTNNB1	FALSE
Brain_Amygdala	ENSG00000168036.18	ADHD	126	1.81306212514658e-07	0.21533927584929	4.12871756137648e-08	0.0483008485883747	0.736359652968947	CTNNB1	FALSE
Brain_Caudate_basal_ganglia	ENSG00000104643.10	ASD	147	0.0132196597961196	0.108846545965893	0.0154313583698867	0.126320798953242	0.736181636914859	MTMR9	FALSE
Brain_Substantia_nigra	ENSG00000174891.14	ADHD	62	0.0929751738995487	0.0510252787725077	0.0780021293950644	0.0420720655370054	0.735925352395874	RSRC1	FALSE
Brain_Cerebellar_Hemisphere	ENSG00000164078.14	ADHD	614	3.83180056655052e-13	0.0174197302647969	5.50402587228285e-12	0.249485162342119	0.733095107387195	MST1R	FALSE
Brain_Caudate_basal_ganglia	ENSG00000261349.1	F3	49	0.00683421940619684	0.131730183092737	0.00646265115352209	0.123837036271523	0.731135910076021	ENSG00000261349	FALSE
Brain_Putamen_basal_ganglia	ENSG00000196072.12	F3	96	1.14619578542429e-34	0.230377645098933	1.96265258026105e-35	0.0387170917839593	0.730905263117109	BLOC1S2	FALSE
Brain_Spinal_cord_cervical_c-1	ENSG00000164068.16	ADHD	87	0.0042789671095368	0.211635823659628	0.0010839637809264	0.0528822509351986	0.73011899451471	RNF123	FALSE
Brain_Cerebellar_Hemisphere	ENSG00000271904.1	F3	107	4.11697174414265e-05	0.0268235258804309	0.000373585451677577	0.242674036863655	0.730087682086795	ENSG00000271904	FALSE
Brain_Cerebellar_Hemisphere	ENSG00000272572.1	ADHD	112	2.54934732318657e-14	0.259284562858934	1.17088134535875e-15	0.0111790590113579	0.729536378129682	ENSG00000272572	FALSE
Brain_Substantia_nigra	ENSG00000196072.12	F3	92	5.09883533679455e-16	0.232061333367579	8.60376469481404e-17	0.0384284734477351	0.729510193184682	BLOC1S2	FALSE
Brain_Hypothalamus	ENSG00000173295.9	ASD	363	8.87037435260328e-05	0.0282350471352544	0.000761485813185318	0.241657218757941	0.729257544550093	FAM86B3P	FALSE
Brain_Cortex	ENSG00000174891.14	ASD	558	2.65421171279462e-05	0.0631950505644104	8.74823754637476e-05	0.207560702660165	0.729130222282833	RSRC1	FALSE
Brain_Nucleus_accumbens_basal_ganglia	ENSG00000169398.19	ADHD	436	1.08863813688607e-19	0.233968464000349	1.81233834448224e-20	0.0382226931044582	0.727808842895194	PTK2	FALSE
Brain_Cerebellum	ENSG00000171056.8	ASD	64	0.0214741830486285	0.201580509522611	0.00482385626169215	0.0445545003993028	0.727566950767766	SOX7	FALSE
Brain_Anterior_cingulate_cortex_BA24	ENSG00000168036.18	ADHD	102	0.00178424673565132	0.22326747155618	0.000399213568279908	0.0492293206168541	0.725319747523034	CTNNB1	FALSE
Brain_Hippocampus	ENSG00000271904.1	F3	177	2.75702511716925e-14	0.000157491341574776	4.83828261499479e-11	0.275656182938358	0.724186325671657	ENSG00000271904	FALSE
Brain_Caudate_basal_ganglia	ENSG00000145002.13	ASD	48	0.0321448641031079	0.166690036165598	0.0136572292441225	0.0701033657845249	0.717404504702647	FAM86B2	FALSE
Brain_Hypothalamus	ENSG00000196072.12	F3	95	5.09490595916795e-20	0.24284499826977	8.71257105281153e-21	0.040811494674884	0.716343507055346	BLOC1S2	FALSE
Brain_Hypothalamus	ENSG00000145354.12	ADHD	370	1.55453186274855e-06	0.0152711324199902	2.74025859888032e-05	0.268476405680247	0.716223504781912	CISD2	FALSE
Brain_Nucleus_accumbens_basal_ganglia	ENSG00000174891.14	F3	311	6.82958460688828e-06	0.220814823891436	2.04460925178575e-06	0.065392730638169	0.713783571276536	RSRC1	FALSE
Brain_Cerebellum	ENSG00000196072.12	F3	111	1.07460830945206e-07	0.243723712350422	1.95598013269792e-08	0.0436494664547134	0.712626694174232	BLOC1S2	FALSE
Brain_Putamen_basal_ganglia	ENSG00000177352.10	ADHD	400	0.000859240189849787	0.145367290324035	0.000842274379940015	0.1417858488209	0.711145346285275	CCDC71	FALSE
Brain_Cerebellar_Hemisphere	ENSG00000196072.12	F3	96	0.000135604992727309	0.247375514050077	2.38578721869822e-05	0.0428127378399024	0.709652285245106	BLOC1S2	FALSE
Brain_Substantia_nigra	ENSG00000174891.14	ASD	69	0.106563962663654	0.0656723386013031	0.0736909608485859	0.0447042743077436	0.709368463578714	RSRC1	FALSE
Brain_Caudate_basal_ganglia	ENSG00000184647.11	ASD	42	0.108797392504394	0.153121320813669	0.0127819489526931	0.0172812816979147	0.708018056031329	PRSS55	FALSE
Brain_Cerebellum	ENSG00000255495.1	ASD	84	0.058039410704757	0.173106246318731	0.0159715031785188	0.0469300747157147	0.705952765082279	ENSG00000255495	FALSE
Brain_Cerebellar_Hemisphere	ENSG00000145354.12	ADHD	398	4.89702687259559e-10	0.0142478485904069	9.65557792535472e-09	0.280222502639893	0.705529638624421	CISD2	FALSE
Brain_Hippocampus	ENSG00000164078.14	ADHD	202	0.0135257893135422	0.0611164214883466	0.0400655670518665	0.180331726262193	0.704960495884052	MST1R	FALSE
Brain_Cerebellum	ENSG00000253893.2	ASD	1293	4.99685982139745e-21	0.0264531276158914	5.09632754653326e-20	0.269092593826597	0.704454278557509	FAM85B	FALSE
Brain_Hypothalamus	ENSG00000171056.8	ASD	61	0.0559845938189615	0.188136477064749	0.0120814756154257	0.039895951153188	0.703901502347676	SOX7	FALSE
Brain_Hypothalamus	ENSG00000177352.10	ADHD	227	0.0577140030732676	0.13994805735731	0.0292481184177684	0.0702195599283262	0.702870261223328	CCDC71	FALSE
Brain_Nucleus_accumbens_basal_ganglia	ENSG00000068885.15	ADHD	254	1.91999941532346e-05	0.0449923237474072	0.000107947385285914	0.252255978859339	0.702624550013814	IFT80	FALSE
Brain_Hypothalamus	ENSG00000243477.6	ADHD	56	7.46016593322484e-07	0.00580331291185528	3.75971183247904e-05	0.291768104620679	0.702390239332548	NAA80	FALSE
Brain_Frontal_Cortex_BA9	ENSG00000253958.2	ASD	95	0.0228948371439186	0.163967589122296	0.0142802656334832	0.101574714941892	0.697282593158411	CLDN23	FALSE
Brain_Frontal_Cortex_BA9	ENSG00000196072.12	F3	96	4.87528541844987e-18	0.25925855819871	8.33173669202247e-19	0.0436094851265118	0.69713195667478	BLOC1S2	FALSE
Brain_Anterior_cingulate_cortex_BA24	ENSG00000196072.12	F3	94	1.78193611535016e-13	0.261537039456517	3.04041859341813e-14	0.0439300791224085	0.694532881420865	BLOC1S2	FALSE
Brain_Amygdala	ENSG00000196072.12	F3	88	6.5776758198361e-13	0.262713414992237	1.09810028179032e-13	0.0431641769266324	0.694122408080362	BLOC1S2	FALSE
Brain_Spinal_cord_cervical_c-1	ENSG00000196072.12	F3	96	2.28025364819876e-26	0.262590355228284	3.90452116749875e-27	0.0442707009860288	0.693138943785686	BLOC1S2	FALSE
Brain_Substantia_nigra	ENSG00000271904.1	ASD	228	4.00054216529942e-08	0.23066335297587	1.33784276043989e-08	0.0764444768013724	0.692892116838908	ENSG00000271904	FALSE
Brain_Frontal_Cortex_BA9	ENSG00000155087.4	F3	47	2.445023841391e-05	0.296856216742419	9.07874120061547e-07	0.0103299292378592	0.692788495907187	ODF1	FALSE
Brain_Caudate_basal_ganglia	ENSG00000196072.12	F3	97	3.03381418430561e-32	0.265379264264937	5.19544443089226e-33	0.04475666418757	0.689864071547495	BLOC1S2	FALSE
Brain_Hypothalamus	ENSG00000258017.3	ADHD	98	0.00172961508017624	0.258352053748794	0.000344401583830907	0.0507543353116044	0.688819594275595	ENSG00000258017	FALSE
Brain_Putamen_basal_ganglia	ENSG00000272572.1	ADHD	53	2.47950886917669e-05	0.301783170917587	9.04518407056787e-07	0.0103211018065623	0.687870027668751	ENSG00000272572	FALSE
Brain_Hypothalamus	ENSG00000168036.18	ADHD	80	0.00328515329525444	0.253593553944408	0.000720449242012548	0.0549267598037691	0.687474083714556	CTNNB1	FALSE
Brain_Cortex	ENSG00000196072.12	F3	96	6.92546849642375e-34	0.268003336635911	1.18364574366016e-34	0.0451181105045063	0.686878552859588	BLOC1S2	FALSE
Brain_Cortex	ENSG00000169398.19	ADHD	336	1.15173526424613e-07	0.271058739689135	1.84096431252853e-08	0.0426404499974609	0.686300676730235	PTK2	FALSE
Brain_Cortex	ENSG00000174891.14	F3	285	0.000181795523926297	0.242591589242672	5.48964731069792e-05	0.0725703521505012	0.684601366609794	RSRC1	FALSE
Brain_Spinal_cord_cervical_c-1	ENSG00000272572.1	ADHD	51	0.000109716895416931	0.306920918929655	3.93912742790994e-06	0.010336645922012	0.682628779125489	ENSG00000272572	FALSE
Brain_Cerebellar_Hemisphere	ENSG00000068885.15	ADHD	79	0.0330698096007715	0.203482551803916	0.0115323630961868	0.0702783928081563	0.681636882690969	IFT80	FALSE
Brain_Spinal_cord_cervical_c-1	ENSG00000271904.1	ADHD	137	0.0331760014429234	0.151271818202483	0.0250714290464457	0.113640753800384	0.676839997507764	ENSG00000271904	FALSE
Brain_Anterior_cingulate_cortex_BA24	ENSG00000068885.15	ADHD	35	0.174974467161459	0.0717585673356511	0.0565431351885372	0.0225146276580465	0.674209202656306	IFT80	FALSE
Brain_Caudate_basal_ganglia	ENSG00000169398.19	ADHD	483	4.45691351265505e-26	0.279121248668754	7.6141246738376e-27	0.0470107905017275	0.673867960829517	PTK2	FALSE
Brain_Caudate_basal_ganglia	ENSG00000255020.1	ASD	448	2.81515505141808e-12	0.0412274625115634	1.96597180059772e-11	0.287241664768534	0.671530872697429	TDH-AS1	FALSE
Brain_Nucleus_accumbens_basal_ganglia	ENSG00000160746.13	ADHD	96	0.0318726757942654	0.137841083777268	0.0299928942245674	0.129040261323809	0.67125308488009	ANO10	FALSE
Brain_Spinal_cord_cervical_c-1	ENSG00000168036.18	ADHD	96	6.60338843313075e-05	0.271243119516109	1.45877287866966e-05	0.0592516462561873	0.669424612614586	CTNNB1	FALSE
Brain_Frontal_Cortex_BA9	ENSG00000168036.18	ADHD	128	0.00187767914398015	0.263502685286232	0.000470816890600667	0.0654029871102021	0.668745831568985	CTNNB1	FALSE
Brain_Cerebellar_Hemisphere	ENSG00000154316.16	ASD	370	2.45212687717474e-05	0.0902507639312066	6.58864739647559e-05	0.241827965884582	0.667830862441475	TDH	FALSE
Brain_Cerebellar_Hemisphere	ENSG00000178149.17	ADHD	345	1.96995967725339e-05	0.168354467190373	1.94137875713328e-05	0.16524555603817	0.666360863387113	DALRD3	FALSE
Brain_Anterior_cingulate_cortex_BA24	ENSG00000225399.4	ADHD	30	0.190115813888994	0.0723330557270954	0.0520529507499746	0.0191381418094341	0.666360037824502	ENSG00000225399	FALSE
Brain_Cerebellar_Hemisphere	ENSG00000171056.8	ASD	271	0.000379547813412154	0.1785903566552	0.000329530085233349	0.154388976231758	0.666311589214397	SOX7	FALSE
Brain_Putamen_basal_ganglia	ENSG00000255020.1	ASD	1010	2.0119127067432e-15	0.0402841332682059	1.4718915844828e-14	0.294048295648714	0.665667571083066	TDH-AS1	FALSE
Brain_Frontal_Cortex_BA9	ENSG00000272572.1	ADHD	111	9.74780142800167e-08	0.324945011854889	3.75987155953994e-09	0.0118704265031712	0.663184460404055	ENSG00000272572	FALSE
Brain_Cerebellar_Hemisphere	ENSG00000178057.15	ADHD	52	0.184809191886296	0.0448658261918624	0.0883806465574403	0.0207948760050568	0.661149459359345	NDUFAF3	TRUE
Brain_Hippocampus	ENSG00000248971.2	ADHD	97	0.0301919952285793	0.110896100740798	0.0429672140461941	0.157161077623832	0.658783612360596	KRT8P46	FALSE
Brain_Hypothalamus	ENSG00000164733.22	ASD	232	0.000879639953698474	0.0315094369993035	0.00841273512174453	0.300692685056288	0.658505502868965	CTSB	FALSE
Brain_Anterior_cingulate_cortex_BA24	ENSG00000178252.19	ADHD	114	0.0645545701813302	0.202624531250379	0.0186818290099637	0.0579825554378088	0.656156514120519	WDR6	FALSE
Brain_Anterior_cingulate_cortex_BA24	ENSG00000285416.1	ADHD	475	1.23197578979146e-05	0.174109363605125	1.20686812200664e-05	0.169905053412291	0.655961194543466	ENSG00000285416	FALSE
Brain_Amygdala	ENSG00000285416.1	ADHD	224	2.97382425858218e-05	0.200670294760214	2.13596296210082e-05	0.143476560840991	0.655802046526588	ENSG00000285416	FALSE
Brain_Hypothalamus	ENSG00000174891.14	F3	102	0.0383356799220607	0.236449843677228	0.0105073093816967	0.064157265319565	0.65054990169945	RSRC1	FALSE
Brain_Cortex	ENSG00000104643.10	ASD	73	0.0701763820316451	0.204968504845861	0.0194963927314996	0.0562952581509941	0.649063462240001	MTMR9	FALSE
Brain_Nucleus_accumbens_basal_ganglia	ENSG00000249889.1	ASD	478	0.000308588639380054	0.0994547036383205	0.000785610885285994	0.252546790471653	0.646904306365361	ALG1L11P	FALSE
Brain_Frontal_Cortex_BA9	ENSG00000174891.14	ADHD	262	9.85003641155435e-06	0.134883033343451	1.60318720169396e-05	0.21888877578332	0.646202308964801	RSRC1	FALSE
Brain_Cerebellar_Hemisphere	ENSG00000251288.2	F3	171	4.76406912070278e-05	0.250606959398248	2.05859822404075e-05	0.107647902538159	0.641676911390145		FALSE
Brain_Frontal_Cortex_BA9	ENSG00000001617.12	ADHD	83	0.0360747550537899	0.115315488156032	0.0496469102543503	0.158058931548418	0.64090391498741	SEMA3F	FALSE
Brain_Amygdala	ENSG00000258017.3	ADHD	86	0.0363057829771479	0.265695710197361	0.00706214088015813	0.0510427967021246	0.639893569243209	ENSG00000258017	FALSE
Brain_Cerebellum	ENSG00000145354.12	F3	193	1.5890613798794e-06	0.222741086718998	9.97372309074073e-07	0.139165062219258	0.638091264628054	CISD2	FALSE
Brain_Cerebellar_Hemisphere	ENSG00000243620.2	ADHD	175	1.91429557381793e-13	0.291014367086835	4.80775722990532e-14	0.0724517836762323	0.636533849236695	ENSG00000243620	FALSE
Brain_Amygdala	ENSG00000178252.19	ADHD	159	0.0133121931503287	0.201923583508785	0.00928683331737657	0.140230397136318	0.635246992887191	WDR6	FALSE
Brain_Putamen_basal_ganglia	ENSG00000186523.15	ASD	219	0.00503518567829027	0.133976076696729	0.0082162321807391	0.217982481142272	0.63479002430197	FAM86B1	FALSE
Brain_Caudate_basal_ganglia	ENSG00000184608.9	ASD	173	0.000796133428391273	0.138162611876046	0.00130839561910988	0.226428328176419	0.633304530900034	FAM167A-AS1	FALSE
Brain_Substantia_nigra	ENSG00000169398.19	ADHD	315	0.000303328096352419	0.317235612303891	4.85891770773076e-05	0.0501847507495847	0.632227719673094	PTK2	FALSE
Brain_Cortex	ENSG00000068885.15	ADHD	246	3.90385444466037e-05	0.0547978805368388	0.000223243329895603	0.312731455547536	0.632208382041283	IFT80	FALSE
Brain_Anterior_cingulate_cortex_BA24	ENSG00000174891.14	F3	112	0.0155685048893961	0.272717478811111	0.0043494683173019	0.075558942452191	0.631805605529999	RSRC1	FALSE
Brain_Cerebellar_Hemisphere	ENSG00000184608.9	ASD	331	8.38066722021642e-07	0.116201563835363	1.8254247058484e-06	0.252471680608573	0.631324092064635	FAM167A-AS1	FALSE
Brain_Caudate_basal_ganglia	ENSG00000174891.14	ADHD	115	0.0127220427994461	0.132174906874463	0.0198595346858468	0.205699910638483	0.629543605001761	RSRC1	FALSE
Brain_Cerebellum	ENSG00000223443.3	ASD	136	0.0152048753664887	0.239929050434028	0.00697428774149569	0.109424011771364	0.628467774686624		FALSE
Brain_Nucleus_accumbens_basal_ganglia	ENSG00000272572.1	ADHD	97	5.44568191617388e-08	0.357178686963654	2.37459825125976e-09	0.0149469590939487	0.62787429711098	ENSG00000272572	FALSE
Brain_Cerebellum	ENSG00000272572.1	ADHD	116	3.65311557762956e-17	0.357197038490411	1.68544745357294e-18	0.0158531430270362	0.626949818482553	ENSG00000272572	FALSE
Brain_Cerebellum	ENSG00000250569.1	ADHD	349	4.03821270217201e-08	0.306883667301435	8.864543742939e-09	0.0667396561555709	0.626376627296325	NTAN1P2	FALSE
Brain_Cortex	ENSG00000272572.1	ADHD	111	2.03973014280524e-06	0.360438176276036	7.86754162947897e-08	0.0132763515938826	0.626283353724522	ENSG00000272572	FALSE
Brain_Caudate_basal_ganglia	ENSG00000270773.1	ADHD	55	5.89858073773134e-07	0.346831092200764	4.81677367015908e-08	0.0276967121537741	0.625471557619651	ENSG00000270773	FALSE
Brain_Frontal_Cortex_BA9	ENSG00000158220.14	ADHD	186	0.0617639441849844	0.295763487483804	0.00319153280471782	0.0146583856683151	0.624622649858179	ESYT3	FALSE
Brain_Substantia_nigra	ENSG00000261451.1	ASD	231	0.0119670967147199	0.231931129741637	0.00656405189157103	0.126593205498092	0.62294451615398	ENSG00000261451	FALSE
Brain_Hypothalamus	ENSG00000272572.1	ADHD	99	3.61786443579585e-08	0.365835119300067	1.32725081422407e-09	0.0127996728087772	0.621365170385259	ENSG00000272572	FALSE
Brain_Cerebellum	ENSG00000177479.20	ADHD	238	0.00136934745979734	0.201053152161082	0.00119683160202427	0.175102395416142	0.621278273360954	ARIH2	FALSE
Brain_Hypothalamus	ENSG00000184608.9	ASD	354	2.24848385116576e-06	0.11371254209816	5.25886913797738e-06	0.265335770577363	0.620944179971488	FAM167A-AS1	FALSE
Brain_Cerebellum	ENSG00000248971.2	F3	267	5.53713170207348e-06	0.247702789919656	2.95687912191928e-06	0.131654928247359	0.620633787822163	KRT8P46	FALSE
Brain_Nucleus_accumbens_basal_ganglia	ENSG00000178149.17	ADHD	330	0.000555260706115783	0.195088801591554	0.000524598059860047	0.183695458015288	0.620135881627181	DALRD3	FALSE
Brain_Cerebellum	ENSG00000254423.1	ASD	617	1.62460294574773e-05	0.0517461685533013	0.000103700340988456	0.329683506654758	0.618450378421495	ENSG00000254423	FALSE
Brain_Frontal_Cortex_BA9	ENSG00000270773.1	ADHD	106	1.86167999088614e-14	0.319053853369935	3.74190344432458e-15	0.0635111326611724	0.61743501396887	ENSG00000270773	FALSE
Brain_Cerebellum	ENSG00000270773.1	ADHD	68	9.65475788438573e-15	0.321327818551483	1.91348752348199e-15	0.0630687249449718	0.615603456503531	ENSG00000270773	FALSE
Brain_Frontal_Cortex_BA9	ENSG00000253633.2	F3	45	0.00726286127314672	0.374677633823982	5.99323601224907e-05	0.00247627675872157	0.615523295784027	ENSG00000253633	FALSE
Brain_Nucleus_accumbens_basal_ganglia	ENSG00000104324.16	ADHD	36	0.044261885907518	0.31662758819165	0.00320055502621386	0.0222815555120044	0.613628415362614	CPQ	FALSE
Brain_Caudate_basal_ganglia	ENSG00000178149.17	ADHD	148	0.0579511562893286	0.169568595194947	0.0407869275020791	0.118732060335022	0.612961260678623	DALRD3	FALSE
Brain_Amygdala	ENSG00000169398.19	ADHD	357	1.05587729569291e-08	0.334485850792996	1.70420872710111e-09	0.0533745981568259	0.612139538787195	PTK2	FALSE
Brain_Caudate_basal_ganglia	ENSG00000258017.3	ADHD	103	3.33760276051272e-05	0.30096627506335	9.73843169058032e-06	0.0872039218057266	0.611786688671628	ENSG00000258017	FALSE
Brain_Anterior_cingulate_cortex_BA24	ENSG00000272572.1	ADHD	67	1.65420342948591e-07	0.374420426587194	6.60293685248255e-09	0.0143341622540841	0.611245239135442	ENSG00000272572	FALSE
Brain_Cortex	ENSG00000154328.16	ASD	337	1.3617140469725e-05	0.383027621762508	2.46863703499394e-07	0.00633324208833962	0.61062527214498	NEIL2	FALSE
Brain_Caudate_basal_ganglia	ENSG00000123908.12	ADHD	76	0.0360391698171037	0.313291497479095	0.00419880418384857	0.0358899730659312	0.610580555454022	AGO2	FALSE
Brain_Nucleus_accumbens_basal_ganglia	ENSG00000123416.15	ADHD	88	0.0364157531964664	0.289861737997101	0.00712260432098898	0.0560839166773348	0.610515987808108	TUBA1B	FALSE
Brain_Cerebellar_Hemisphere	ENSG00000119906.13	ADHD	52	0.00096644278242974	0.375935341491656	3.6421339509872e-05	0.0135579864513475	0.609503807935057	SLF2	FALSE
Brain_Cerebellum	ENSG00000120860.11	ADHD	191	0.000125952863589677	0.32339766079926	2.66713443663965e-05	0.0678729975209964	0.608576717471788	WASHC3	FALSE
Brain_Hypothalamus	ENSG00000145354.12	F3	179	5.41710286188441e-05	0.261559706096996	2.70772885366541e-05	0.130131908542919	0.608227137042929	CISD2	FALSE
Brain_Cerebellum	ENSG00000068028.18	ADHD	279	0.000854575846280073	0.0169838182961267	0.0179451813409077	0.356033887926438	0.608182536590247	RASSF1	FALSE
Brain_Cerebellum	ENSG00000251288.2	F3	201	0.0136897226271701	0.281528010122703	0.00453356277531611	0.0926247183820401	0.607623986092771		FALSE
Brain_Cerebellar_Hemisphere	ENSG00000109323.11	ASD	305	0.00742932844067763	0.217036387884234	0.00562848339605112	0.163821389121551	0.606084411157487	MANBA	FALSE
Brain_Cerebellum	ENSG00000184608.9	ASD	272	5.44212527496149e-06	0.125175613610705	1.17187105579034e-05	0.268938971435774	0.605868254117687	FAM167A-AS1	FALSE
Brain_Cortex	ENSG00000279875.1	ADHD	134	0.00353731717417847	0.354319410272106	0.000366254720720275	0.0360806255474826	0.605696392285513	ENSG00000279875	FALSE
Brain_Hippocampus	ENSG00000270773.1	ADHD	77	4.52543230721816e-17	0.32966657538379	8.9784526887911e-18	0.0648002789230907	0.605533145693118	ENSG00000270773	FALSE
Brain_Amygdala	ENSG00000247828.9	ADHD	154	0.00762655911452753	0.304615570870397	0.00202666771117556	0.0803425897002333	0.605388612603667	TMEM161B-DT	FALSE
Brain_Putamen_basal_ganglia	ENSG00000258017.3	ADHD	43	0.103853886474625	0.258083475739949	0.00989610905827222	0.0239882786020749	0.604178250125079	ENSG00000258017	FALSE
Brain_Caudate_basal_ganglia	ENSG00000272572.1	ADHD	93	2.20621047718725e-06	0.380701874022307	9.22559419961098e-08	0.0153156296357203	0.603980197875553	ENSG00000272572	FALSE
Brain_Anterior_cingulate_cortex_BA24	ENSG00000270773.1	ADHD	55	1.45112891765622e-06	0.331143507567855	2.87241160409952e-07	0.0649437079274033	0.603911046134663	ENSG00000270773	FALSE
Brain_Nucleus_accumbens_basal_ganglia	ENSG00000196072.12	F3	99	1.35055271025755e-22	0.339454289989126	2.41304719321484e-23	0.0600501710704941	0.600495538940379	BLOC1S2	FALSE
Brain_Spinal_cord_cervical_c-1	ENSG00000186523.15	ASD	79	0.0521595551442207	0.259019068444817	0.0150625047424923	0.0741993135545583	0.599559558113912	FAM86B1	FALSE
Brain_Cerebellar_Hemisphere	ENSG00000145354.12	F3	168	2.03097317271155e-08	0.26459969871256	1.04851472412812e-08	0.136003431710439	0.599396838782121	CISD2	FALSE
Brain_Hippocampus	ENSG00000253641.6	ASD	1036	1.09380634694723e-05	0.0112312153935833	0.000379543423673218	0.389116335714861	0.599261967404413	LINCR-0001	FALSE
Brain_Anterior_cingulate_cortex_BA24	ENSG00000178149.17	ADHD	231	0.0694837239360228	0.180550618018878	0.0420800170438915	0.108744063609985	0.599141577391223	DALRD3	FALSE
Brain_Cortex	ENSG00000280399.1	ADHD	85	0.142588286570991	0.245303750389757	0.0051813682417187	0.00831522785793374	0.5986113669396	ENSG00000280399	FALSE
Brain_Cerebellum	ENSG00000119906.13	ADHD	33	0.0129970884986173	0.378414153488847	0.000396025205907188	0.0109331337709531	0.597259599035676	SLF2	FALSE
Brain_Substantia_nigra	ENSG00000104626.15	ASD	82	0.0363235807723969	0.306964568800226	0.00661504062603489	0.0553078244185763	0.594788985382766	ERI1	FALSE
Brain_Cortex	ENSG00000270773.1	ADHD	68	4.40587457826757e-07	0.336769657871664	9.05100938145272e-08	0.0685881114323256	0.594641699598458	ENSG00000270773	FALSE
Brain_Caudate_basal_ganglia	ENSG00000145022.5	ASD	125	0.193814441370399	0.0928601398006434	0.0821245223524618	0.038754955484769	0.592445940991727	TCTA	FALSE
Brain_Hypothalamus	ENSG00000270773.1	ADHD	41	0.000975029214447583	0.344879010561673	0.000179511796818405	0.0629043182682177	0.591062130158844	ENSG00000270773	FALSE
Brain_Cerebellar_Hemisphere	ENSG00000270773.1	ADHD	69	1.57422738910657e-18	0.338226572376669	3.36830644235726e-19	0.0717788862566808	0.589994541366652	ENSG00000270773	FALSE
Brain_Amygdala	ENSG00000270773.1	ADHD	48	0.000383887836083973	0.345510614666293	7.26681810329327e-05	0.0648143331023257	0.589218496214265	ENSG00000270773	FALSE
Brain_Substantia_nigra	ENSG00000145020.16	ADHD	186	0.0412338724868258	0.232004525630781	0.0209221539961085	0.117130877786777	0.588708570099508	AMT	TRUE
Brain_Nucleus_accumbens_basal_ganglia	ENSG00000163938.17	ASD	459	1.14488373959472e-06	0.304719357285822	4.04615151389384e-07	0.107103168283628	0.588175924931658	GNL3	FALSE
Brain_Hypothalamus	ENSG00000187166.1	ADHD	51	0.0720715343174717	0.308365664949974	0.00605866634102522	0.0253344736220913	0.588169660769437	H1-7	FALSE
Brain_Caudate_basal_ganglia	ENSG00000145029.14	ADHD	413	0.000273189728911407	0.212723200502687	0.000258690585970777	0.200847332010799	0.585897587171632	NICN1	FALSE
Brain_Cortex	ENSG00000163938.17	ASD	183	0.000435040200611007	0.346282561947643	8.58058211233038e-05	0.0677140896448947	0.585482502385728	GNL3	FALSE
Brain_Spinal_cord_cervical_c-1	ENSG00000174891.14	F3	107	0.112648131997171	0.213655604476739	0.0311171973784759	0.0584347092863331	0.584144356861282	RSRC1	FALSE
Brain_Cerebellum	ENSG00000183726.11	ADHD	159	3.10732061139777e-20	0.36709132707845	4.20843873766196e-21	0.049133700445735	0.583774972475816	TMEM50A	FALSE
Brain_Cerebellum	ENSG00000254088.1	ADHD	116	0.0598172384444974	0.298643533901671	0.0101028805891833	0.049858061527321	0.581578285537328		FALSE
Brain_Frontal_Cortex_BA9	ENSG00000183726.11	ADHD	160	2.62390873377573e-23	0.369686138539042	3.55337813537229e-24	0.0494832064330513	0.580830655027908	TMEM50A	FALSE
Brain_Cerebellar_Hemisphere	ENSG00000183726.11	ADHD	156	1.30216288810441e-23	0.369693656656901	1.76313087371999e-24	0.0494757564826025	0.580830586860494	TMEM50A	FALSE
Brain_Amygdala	ENSG00000272572.1	ADHD	51	0.00617328052131883	0.39953231787707	0.000222819843506856	0.0138405827381601	0.580230999019945	ENSG00000272572	FALSE
Brain_Anterior_cingulate_cortex_BA24	ENSG00000183726.11	ADHD	154	1.17617723493593e-09	0.370438008968582	1.59224856665586e-10	0.0495680084877567	0.579993981208259	TMEM50A	FALSE
Brain_Putamen_basal_ganglia	ENSG00000145029.14	ADHD	404	0.0044548557341937	0.21214334693463	0.00420489698054553	0.199660599899988	0.579536300450642	NICN1	FALSE
Brain_Cerebellum	ENSG00000174891.14	ASD	484	0.000464945867782565	0.0986620190378076	0.00152102425565994	0.322185835859202	0.577166174979548	RSRC1	FALSE
Brain_Substantia_nigra	ENSG00000178252.19	ADHD	316	8.11561961809906e-05	0.216011119403251	7.80684706633771e-05	0.207215995304036	0.576613660625868	WDR6	FALSE
Brain_Nucleus_accumbens_basal_ganglia	ENSG00000185909.15	ADHD	240	0.014455195603076	0.239282627902249	0.00975672524681161	0.160931396925752	0.575574054322111	KLHDC8B	FALSE
Brain_Anterior_cingulate_cortex_BA24	ENSG00000085719.13	ADHD	113	0.0256700705820995	0.351829635084901	0.00330689740438535	0.0447493310802717	0.574444065848343	CPNE3	FALSE
Brain_Frontal_Cortex_BA9	ENSG00000163938.17	ASD	273	3.63293896180335e-05	0.346687749883261	8.32966984079526e-06	0.0789148576479919	0.574352733409288	GNL3	FALSE
Brain_Putamen_basal_ganglia	ENSG00000285416.1	ADHD	636	3.34632213005079e-12	0.215652404526625	3.3167581936782e-12	0.213175996755708	0.571171598711005	ENSG00000285416	FALSE
Brain_Caudate_basal_ganglia	ENSG00000275228.1	ADHD	78	0.0181234045532349	0.365479518776794	0.0022237969334538	0.0442755522932006	0.569897727443317	ENSG00000275228	FALSE
Brain_Putamen_basal_ganglia	ENSG00000188672.19	ADHD	168	3.31377130828678e-51	0.380893423985607	4.49194687593454e-52	0.0510635533297124	0.568043022684678	RHCE	FALSE
Brain_Putamen_basal_ganglia	ENSG00000169398.19	ADHD	391	2.06621453303889e-08	0.370390561116992	3.47645104641464e-09	0.061751162022654	0.567858252721759	PTK2	FALSE
Brain_Caudate_basal_ganglia	ENSG00000188672.19	ADHD	184	9.97432990982106e-68	0.381480688831024	1.35273684357583e-68	0.0511697583592	0.567349552809765	RHCE	FALSE
Brain_Hippocampus	ENSG00000188672.19	ADHD	158	1.77057013935683e-31	0.381728928415222	2.39762875264176e-32	0.0511249181222823	0.567146153462502	RHCE	FALSE
Brain_Cerebellum	ENSG00000151229.13	ADHD	134	0.0333427307285627	0.117002970484419	0.0633705538169068	0.221809124536195	0.564474620433916	SLC2A13	FALSE
Brain_Anterior_cingulate_cortex_BA24	ENSG00000188672.19	ADHD	159	3.00251382682895e-35	0.384676019139854	4.06620167973601e-36	0.0515315638542628	0.563792417005881	RHCE	FALSE
Brain_Frontal_Cortex_BA9	ENSG00000120860.11	ADHD	242	0.00047646112276159	0.362835970855315	9.65786361440151e-05	0.072983218055906	0.563607771329874	WASHC3	FALSE
Brain_Anterior_cingulate_cortex_BA24	ENSG00000163938.17	ASD	305	0.000406600482964076	0.360440460632891	8.61089473032612e-05	0.075769983439702	0.56329684649714	GNL3	FALSE
Brain_Cortex	ENSG00000183726.11	ADHD	157	9.8078649928381e-11	0.385897924548118	1.32800087177225e-11	0.0516887933352575	0.562413282005267	TMEM50A	FALSE
Brain_Cerebellum	ENSG00000271904.1	ASD	429	0.000194834236145453	0.227404945072452	0.000180516775777407	0.210131927261192	0.562087776654434	ENSG00000271904	FALSE
Brain_Cerebellum	ENSG00000174891.14	ADHD	382	0.00110771841699793	0.127220117342411	0.00267932123525093	0.307154957932428	0.561837885072912	RSRC1	FALSE
Brain_Cortex	ENSG00000114302.16	ASD	206	0.091985223123167	0.191220095045587	0.0508418609895192	0.105129908279042	0.560822912562685	PRKAR2A	FALSE
Brain_Hypothalamus	ENSG00000188672.19	ADHD	158	1.97813047156577e-26	0.388715286667344	2.67868375220539e-27	0.0520786425239549	0.559206070808704	RHCE	FALSE
Brain_Spinal_cord_cervical_c-1	ENSG00000255020.1	ASD	350	2.19054789029955e-08	0.127003737696664	5.43719038126983e-08	0.314679484785579	0.558316701240373	TDH-AS1	FALSE
Brain_Frontal_Cortex_BA9	ENSG00000188338.15	ADHD	165	0.095384441355524	0.131339327853595	0.0910115900350074	0.124760639001582	0.557504001754292	SLC38A3	FALSE
Brain_Spinal_cord_cervical_c-1	ENSG00000176095.12	ADHD	136	0.0915350457714134	0.259739977110746	0.0241575150741621	0.0679928247707399	0.556574637272939	IP6K1	FALSE
Brain_Caudate_basal_ganglia	ENSG00000253641.6	ASD	290	0.00387559032033697	0.283773816272563	0.00210817758248068	0.153806008669029	0.556436407155591	LINCR-0001	FALSE
Brain_Spinal_cord_cervical_c-1	ENSG00000188672.19	ADHD	164	8.4976786103393e-34	0.391323037080189	1.15114777835313e-34	0.0524548018384805	0.556222161081327	RHCE	FALSE
Brain_Nucleus_accumbens_basal_ganglia	ENSG00000152556.17	ADHD	72	0.0494228072416725	0.352570908765147	0.005308367317892	0.0373132835746071	0.555384633100681	PFKM	FALSE
Brain_Hypothalamus	ENSG00000163938.17	ASD	477	1.06979911859751e-12	0.331712262988008	3.7197886699902e-13	0.114785863817931	0.55350187319262	GNL3	FALSE
Brain_Nucleus_accumbens_basal_ganglia	ENSG00000107833.10	ADHD	61	0.000307330456082422	0.425679923082112	1.52984372956272e-05	0.0206363305723705	0.553361117452141	NPM3	FALSE
Brain_Cerebellum	ENSG00000188672.19	ADHD	162	1.31426278621238e-27	0.394336068364341	1.78014908871262e-28	0.0528594202056949	0.552804511429963	RHCE	FALSE
Brain_Cerebellar_Hemisphere	ENSG00000239212.2	ADHD	141	0.00363926714824653	0.379201024485623	0.000619674057465083	0.0640157054454035	0.552524328863262		FALSE
Brain_Anterior_cingulate_cortex_BA24	ENSG00000107833.10	ADHD	41	0.0166323652721036	0.412080546681144	0.000763491746191191	0.0183639771425027	0.552159619158058	NPM3	FALSE
Brain_Cerebellum	ENSG00000182379.10	ADHD	69	4.6448721821522e-06	0.437801957223769	1.18406215514168e-07	0.0106087813562193	0.551584498141614	NXPH4	FALSE
Brain_Cerebellar_Hemisphere	ENSG00000109323.11	F3	108	0.0884695010301684	0.254313482612011	0.0274350304908116	0.0783129765729837	0.551469009294026	MANBA	FALSE
Brain_Substantia_nigra	ENSG00000239519.1	ADHD	228	0.000156813061838843	0.0547309589959306	0.00112719370060929	0.392862483976464	0.551122550265157	CADM2-AS1	FALSE
Brain_Cerebellar_Hemisphere	ENSG00000174891.14	ADHD	549	2.10342846727258e-06	0.137695353147594	4.76401967988087e-06	0.311312899454499	0.55098487994976	RSRC1	FALSE
Brain_Substantia_nigra	ENSG00000272572.1	ADHD	49	0.0198173890433691	0.415244961689148	0.000689441888194506	0.0138959135499557	0.550352293829333	ENSG00000272572	FALSE
Brain_Caudate_basal_ganglia	ENSG00000163938.17	ASD	513	1.71731970343528e-11	0.336535769715841	6.00866459566138e-12	0.117202959250958	0.54626127101002	GNL3	FALSE
Brain_Spinal_cord_cervical_c-1	ENSG00000285416.1	ADHD	201	0.00234190523003219	0.271381847308122	0.00154701119406174	0.17872288560405	0.546006350663735	ENSG00000285416	FALSE
Brain_Nucleus_accumbens_basal_ganglia	ENSG00000188672.19	ADHD	174	3.92276361814255e-68	0.400408453754624	5.31823911098705e-69	0.0537390370844678	0.545852509160903	RHCE	FALSE
Brain_Hippocampus	ENSG00000272572.1	ADHD	109	0.000633733492031094	0.437395840768747	2.44091698526865e-05	0.0163012941002926	0.545644722469076	ENSG00000272572	FALSE
Brain_Cerebellar_Hemisphere	ENSG00000163938.17	ASD	598	8.51543266639951e-17	0.334701818433294	3.10036014240658e-17	0.121316670567922	0.543981510998786	GNL3	FALSE
Brain_Amygdala	ENSG00000253641.6	ASD	72	0.0911020264100348	0.313691365834609	0.0117312681071768	0.0398506196291598	0.543624720019019	LINCR-0001	FALSE
Brain_Anterior_cingulate_cortex_BA24	ENSG00000154328.16	ASD	62	0.00048375751677437	0.450724722744763	6.39837971070459e-06	0.00541810711509401	0.543367014243658	NEIL2	FALSE
Brain_Amygdala	ENSG00000178467.18	ADHD	192	0.0594691281676458	0.225401165551545	0.03612236183278	0.136369112628737	0.542638231819292	P4HTM	FALSE
Brain_Substantia_nigra	ENSG00000285416.1	ADHD	85	0.193768115891032	0.169327419548971	0.0507600749803084	0.0438151878903458	0.542329201689343	ENSG00000285416	FALSE
Brain_Putamen_basal_ganglia	ENSG00000154328.16	ASD	70	6.26149309052099e-06	0.452278498786357	9.11364229653855e-08	0.00604126791414615	0.541673880669983	NEIL2	FALSE
Brain_Cerebellar_Hemisphere	ENSG00000188672.19	ADHD	163	5.04858251541797e-25	0.404165473298934	6.83870391337644e-26	0.0542057779829762	0.541628748718088	RHCE	FALSE
Brain_Hypothalamus	ENSG00000169398.19	ADHD	330	0.000328847086543472	0.396101065554735	5.27293793012537e-05	0.0629727543792245	0.540544603600196	PTK2	FALSE
Brain_Anterior_cingulate_cortex_BA24	ENSG00000168268.11	ASD	33	0.0726267642880584	0.366284831711802	0.00349001023612903	0.0170609325277438	0.540537461236266	NT5DC2	TRUE
Brain_Nucleus_accumbens_basal_ganglia	ENSG00000254423.1	ASD	336	0.00339940369236051	0.156457827183224	0.00644141806332873	0.295929009886554	0.537772341174533	ENSG00000254423	FALSE
Brain_Cerebellar_Hemisphere	ENSG00000104331.9	ADHD	149	0.0986615507720543	0.339202726641264	0.00562604549398794	0.0188048856790886	0.537704791413605	BPNT2	FALSE
Brain_Cerebellum	ENSG00000175806.15	ASD	116	0.00171392612303621	0.424434274884636	0.0001500723133032	0.0366266232736675	0.537075103405358	MSRA	TRUE
Brain_Frontal_Cortex_BA9	ENSG00000273765.1	ADHD	81	0.0254192575081453	0.3841928852168	0.00337957921609107	0.0505433232503622	0.536464954808602	ENSG00000273765	FALSE
Brain_Cortex	ENSG00000188672.19	ADHD	160	1.1060171717247e-32	0.408885924841097	1.4980509001895e-33	0.0548455051892799	0.536268569969623	RHCE	FALSE
Brain_Cerebellar_Hemisphere	ENSG00000204178.11	ADHD	162	7.70767967258002e-19	0.409173274646529	1.04399667237552e-19	0.0548861261319165	0.535940599221554	MACO1	FALSE
Brain_Cerebellar_Hemisphere	ENSG00000279875.1	ADHD	150	0.00187439807095439	0.396498148569726	0.000319298413504278	0.0670080388125636	0.534300116133253	ENSG00000279875	FALSE
Brain_Caudate_basal_ganglia	ENSG00000107833.10	ADHD	75	0.000127327530749049	0.445304884421123	6.01201190800786e-06	0.0204918484428047	0.534069927593415	NPM3	FALSE
Brain_Caudate_basal_ganglia	ENSG00000154316.16	ASD	673	5.66055332384756e-09	0.043916423849593	5.46206373166098e-08	0.423231915215582	0.532851600653635	TDH	FALSE
Brain_Hippocampus	ENSG00000271904.1	ASD	485	3.70889296458929e-12	0.219681026071611	4.18847105412578e-12	0.247554097598958	0.532764876321533	ENSG00000271904	FALSE
Brain_Hypothalamus	ENSG00000177479.20	ADHD	103	0.144287529115023	0.230619729036189	0.0360547701638111	0.0570956390435129	0.531942332641464	ARIH2	FALSE
Brain_Putamen_basal_ganglia	ENSG00000275228.1	ADHD	91	0.0146055864707047	0.398269876336687	0.00201188269556959	0.0543298881129114	0.530782766384127	ENSG00000275228	FALSE
Brain_Caudate_basal_ganglia	ENSG00000257735.1	ADHD	109	0.0102166822481995	0.308237808664434	0.00486392625223545	0.146214428406817	0.530467154428314	ENSG00000257735	FALSE
Brain_Frontal_Cortex_BA9	ENSG00000188672.19	ADHD	160	8.93121839499192e-33	0.414775089860186	1.20968229124104e-33	0.0556493306863629	0.529575579453456	RHCE	FALSE
Brain_Nucleus_accumbens_basal_ganglia	ENSG00000275228.1	ADHD	127	0.00266628709966118	0.402313868554616	0.000435457247080889	0.0651763780203099	0.529408009078332	ENSG00000275228	FALSE
Brain_Hypothalamus	ENSG00000183726.11	ADHD	149	0.000278569125236821	0.415274822298984	3.7282459030495e-05	0.0550491844497185	0.529360141667031	TMEM50A	FALSE
Brain_Hippocampus	ENSG00000233609.3	ASD	793	1.76297454053626e-10	0.0369028437857138	2.08332858991485e-09	0.435557881930676	0.527539272023986	RPL10P19	FALSE
Brain_Substantia_nigra	ENSG00000104497.15	ASD	178	0.000152634196540513	0.422258012850476	1.83084867765421e-05	0.0501224412627935	0.527448603203414	SNX16	FALSE
Brain_Cortex	ENSG00000154316.16	ASD	398	9.99959461903192e-05	0.0565730830977249	0.00073504412993347	0.415326719203665	0.527265157622486	TDH	FALSE
Brain_Frontal_Cortex_BA9	ENSG00000169398.19	ADHD	303	0.000474461319532907	0.408295231252373	7.50222112683022e-05	0.0640328529288463	0.527122432287979	PTK2	FALSE
Brain_Hippocampus	ENSG00000226913.2	ADHD	202	0.00660026780246284	0.0195398984451745	0.112991690578509	0.333981685790066	0.526886457383788	BSN-DT	FALSE
Brain_Cortex	ENSG00000253641.6	ASD	218	6.28188397794964e-05	0.356822685384148	2.06667971631204e-05	0.116865020184649	0.526228808794261	LINCR-0001	FALSE
Brain_Nucleus_accumbens_basal_ganglia	ENSG00000270154.1	ASD	154	0.00312643283069281	0.265179499747567	0.00241009406287097	0.203895295388055	0.525388677970813	ENSG00000270154	FALSE
Brain_Putamen_basal_ganglia	ENSG00000176623.12	ADHD	346	8.41160392014213e-21	0.384165312146274	2.02607214759037e-21	0.0920086619989466	0.523826025854782	RMDN1	TRUE
Brain_Hypothalamus	ENSG00000178467.18	ADHD	404	1.68525163659441e-05	0.242469534016588	1.63307598258658e-05	0.234439581653884	0.523057701053336	P4HTM	FALSE
Brain_Amygdala	ENSG00000104497.15	ASD	237	1.46566399807784e-05	0.410321785911598	2.56399364487737e-06	0.0712622039142038	0.518398789540573	SNX16	FALSE
Brain_Nucleus_accumbens_basal_ganglia	ENSG00000271192.1	F3	33	0.313088894457112	0.138763223332379	0.0210067200754518	0.00879197846101982	0.518349183674037	ENSG00000271192	FALSE
Brain_Cerebellum	ENSG00000167528.13	ADHD	70	0.0318108233748706	0.404020339703546	0.00347697533818965	0.0436430391048887	0.517048822478505	ZNF641	FALSE
Brain_Cerebellum	ENSG00000148842.18	ADHD	73	0.157834002905433	0.317116688002465	0.00297473194390202	0.00546015309359205	0.516614424054608	CNNM2	FALSE
Brain_Amygdala	ENSG00000145020.16	ADHD	134	0.164855973953453	0.21986614654715	0.0426761993289365	0.0564004592476912	0.516201220922769	AMT	TRUE
Brain_Cortex	ENSG00000145029.14	ADHD	236	0.0756418722983084	0.252597632304742	0.0362351860767207	0.120488342920935	0.515036966399294	NICN1	FALSE
Brain_Frontal_Cortex_BA9	ENSG00000258017.3	ADHD	100	4.74573016422251e-06	0.405135481534759	9.41837353360971e-07	0.0798881952581875	0.514970635639535	ENSG00000258017	FALSE
Brain_Amygdala	ENSG00000177352.10	ADHD	102	0.134365595363598	0.156280497469357	0.0903557639782798	0.104578284158973	0.514419859029793	CCDC71	FALSE
Brain_Substantia_nigra	ENSG00000185909.15	ASD	77	0.291604017328991	0.0601769866342208	0.111568524947296	0.0225097452138661	0.514140725875626	KLHDC8B	FALSE
Brain_Cerebellar_Hemisphere	ENSG00000275228.1	ADHD	325	6.48411360688357e-11	0.420211111384927	1.02435914233114e-11	0.0658709605231126	0.513917928016875	ENSG00000275228	FALSE
Brain_Amygdala	ENSG00000233609.3	ASD	661	1.57322954855796e-12	0.0415416784916774	1.69944396912412e-11	0.448233921326598	0.510224400163157	RPL10P19	FALSE
Brain_Cerebellum	ENSG00000275228.1	ADHD	130	2.35162557825529e-09	0.428939820365517	3.42508426632438e-10	0.0619649245711407	0.50909525236921	ENSG00000275228	FALSE
Brain_Hypothalamus	ENSG00000233609.3	ASD	566	8.62135327189304e-10	0.0421585393802066	9.20431493989417e-09	0.449584044374824	0.508257406178521	RPL10P19	FALSE
Brain_Putamen_basal_ganglia	ENSG00000154316.16	ASD	345	9.599826761151e-07	0.150754656277607	2.17657843523287e-06	0.341299615011568	0.507942592149713	TDH	FALSE
Brain_Cerebellar_Hemisphere	ENSG00000248971.2	F3	183	0.0133958656734567	0.353712544411869	0.00458876714502839	0.120656938932633	0.507645883837012	KRT8P46	FALSE
Brain_Nucleus_accumbens_basal_ganglia	ENSG00000253641.6	ASD	277	0.000463432759985473	0.110171798382959	0.00160492552060749	0.381031968011381	0.506727875325067	LINCR-0001	FALSE
