tissue	gene_id	outcome	n_snps	PP0	PP1	PP2	PP3	PP4	gene_name	is_mito
Brain_Substantia_nigra	ENSG00000271904.1	F3	62	1.62545943170667e-10	0.00022021577240592	2.15017677402495e-09	0.0019151754230832	0.997864606491787	ENSG00000271904	FALSE
Brain_Cerebellum	ENSG00000271904.1	F3	167	2.36995383317293e-06	0.000318220811509753	3.22636322514023e-05	0.00333582337744045	0.996311322224965	ENSG00000271904	FALSE
Brain_Substantia_nigra	ENSG00000186792.17	ADHD	53	6.5311830921451e-08	0.00365986065877892	3.66054489793879e-08	0.0010559651535816	0.995284072270358	HYAL3	FALSE
Brain_Cerebellar_Hemisphere	ENSG00000255182.2	ADHD	36	3.57076408274292e-09	2.38946010696682e-05	9.5086592277179e-07	0.0053683343828069	0.994606816579438	ENSG00000255182	FALSE
Brain_Nucleus_accumbens_basal_ganglia	ENSG00000162873.15	ADHD	69	2.26493457703894e-11	0.0216405480884004	4.88974245149081e-12	0.00369729206500092	0.97466215981906	KLHDC8A	FALSE
Brain_Cerebellar_Hemisphere	ENSG00000160957.15	ADHD	69	8.18804922851522e-09	0.000104568971127278	2.20192784036338e-06	0.0271479122909248	0.972745308622058	RECQL4	TRUE
Brain_Hippocampus	ENSG00000196072.12	ADHD	150	4.02891724918914e-24	0.00259501586731749	4.25249033733525e-23	0.0264192017505593	0.970985782382122	BLOC1S2	FALSE
Brain_Caudate_basal_ganglia	ENSG00000160957.15	ADHD	38	5.93943586505737e-05	6.69773345477875e-05	0.0140822562645201	0.0149092790948413	0.970882092947441	RECQL4	TRUE
Brain_Cortex	ENSG00000160957.15	ADHD	32	0.000242071497802365	2.33425236556002e-05	0.0332308740320633	0.00224013045180456	0.964263581494675	RECQL4	TRUE
Brain_Cerebellar_Hemisphere	ENSG00000160957.15	F3	31	8.31997933320919e-05	0.0366322048712846	6.14251444209365e-06	0.00174296458870252	0.961535488232239	RECQL4	TRUE
Brain_Amygdala	ENSG00000154319.16	ASD	304	2.1671015354934e-05	0.00194765722663444	0.000421241083190112	0.0368978393992179	0.960711591275603	FAM167A	FALSE
Brain_Cortex	ENSG00000164076.17	ADHD	172	0.000625457633214115	0.00150299222147644	0.0130817928585308	0.0304816067143549	0.954308150572423	CAMKV	FALSE
Brain_Anterior_cingulate_cortex_BA24	ENSG00000253981.6	ASD	39	0.00309744779071052	0.00440367455647511	0.0165665363267075	0.0225994885150376	0.95333285281107	ALG1L13P	FALSE
Brain_Putamen_basal_ganglia	ENSG00000167550.11	ADHD	108	5.01753739604984e-05	0.0247332327901395	5.24579173451061e-05	0.0249081238877225	0.950256010030832	RHEBL1	FALSE
Brain_Anterior_cingulate_cortex_BA24	ENSG00000187010.21	F3	81	2.41478105608506e-15	0.0262985907350684	3.41859896934976e-15	0.0362934353589519	0.937407973905971	RHD	FALSE
Brain_Anterior_cingulate_cortex_BA24	ENSG00000167550.11	ADHD	33	0.00576364318270379	0.0273138645707098	0.00548614640899667	0.0250624353982461	0.936373910439343	RHEBL1	FALSE
Brain_Cortex	ENSG00000177875.5	ADHD	170	0.000714843412188135	0.0226078240696744	0.00133800521456643	0.0413821444688983	0.933957182834673	CCDC184	FALSE
Brain_Substantia_nigra	ENSG00000253893.2	ASD	779	4.34215955969026e-13	0.00727227613860898	3.65757449669565e-12	0.0603248848581897	0.93240283899911	FAM85B	FALSE
Brain_Cerebellum	ENSG00000261349.1	F3	84	2.53467945089473e-16	0.0291909235195704	3.58888340387101e-16	0.0404013752688494	0.930407701211581	ENSG00000261349	FALSE
Brain_Nucleus_accumbens_basal_ganglia	ENSG00000224183.1	F3	81	4.67119690181982e-15	0.03024485826095	6.6130007413925e-15	0.0418896980859536	0.927865443653087	SDHDP6	FALSE
Brain_Nucleus_accumbens_basal_ganglia	ENSG00000253893.2	ASD	1148	3.99473186295136e-18	0.0065912498974414	4.04150973374359e-17	0.0657566750135506	0.927652075089011	FAM85B	FALSE
Brain_Amygdala	ENSG00000187010.21	F3	81	1.96824487438599e-12	0.0303844295533099	2.78643891215241e-12	0.0420876262842041	0.927527944157732	RHD	FALSE
Brain_Spinal_cord_cervical_c-1	ENSG00000187010.21	F3	81	8.23030352791221e-12	0.0304131141510989	1.1651618305956e-11	0.0421283043539123	0.927458581475107	RHD	FALSE
Brain_Putamen_basal_ganglia	ENSG00000011198.10	ADHD	45	0.00282117377613688	0.00332379080487862	0.0309134079985234	0.035493456532704	0.927448170887757	ABHD5	FALSE
Brain_Cerebellum	ENSG00000269954.2	ASD	75	0.0101325912956608	0.0338561546729145	0.00691747382803917	0.0221865350159473	0.926907245187438	ENSG00000269954	FALSE
Brain_Cerebellar_Hemisphere	ENSG00000188672.19	F3	83	6.8937333354686e-26	0.0306848591591615	9.76252147047202e-26	0.0425274019987372	0.926787738842105	RHCE	FALSE
Brain_Nucleus_accumbens_basal_ganglia	ENSG00000187010.21	F3	81	2.28723065700015e-26	0.0308180226687947	3.23802621648962e-26	0.0427025113559688	0.926479465975236	RHD	FALSE
Brain_Spinal_cord_cervical_c-1	ENSG00000188672.19	F3	83	1.33846999207832e-34	0.0317853209610191	1.89546670858555e-34	0.0440884762910651	0.92412620274792	RHCE	FALSE
Brain_Caudate_basal_ganglia	ENSG00000187010.21	F3	84	8.92175512347089e-31	0.0323515224034285	1.26324213835888e-30	0.0448841489686891	0.922764328627887	RHD	FALSE
Brain_Cortex	ENSG00000187010.21	F3	81	1.06944502706242e-21	0.0325459123847821	1.51401041435164e-21	0.0451528583612166	0.922301229253999	RHD	FALSE
Brain_Hypothalamus	ENSG00000187010.21	F3	81	9.1701894907872e-13	0.032619388581851	1.29822123057283e-12	0.045257056087369	0.922123555328563	RHD	FALSE
Brain_Cortex	ENSG00000261349.1	F3	80	4.50768518955201e-10	0.0328050690252334	6.37771905970097e-10	0.0454927001029205	0.921702229783305	ENSG00000261349	FALSE
Brain_Cortex	ENSG00000183726.11	F3	81	1.10905835492212e-11	0.0329923377673626	1.5700908947962e-11	0.0457859410685198	0.921221721137325	TMEM50A	FALSE
Brain_Hypothalamus	ENSG00000183726.11	F3	80	4.87115799297452e-05	0.0329649031046916	6.89198022226921e-05	0.0457193461935992	0.921198119319556	TMEM50A	FALSE
Brain_Cortex	ENSG00000188672.19	F3	81	1.23426013266179e-33	0.0332073934560445	1.74733871080958e-33	0.0460909148511643	0.920701691692796	RHCE	FALSE
Brain_Frontal_Cortex_BA9	ENSG00000187010.21	F3	84	2.97860142224928e-25	0.033289703410866	4.21743791203404e-25	0.0462147996777399	0.920495496911397	RHD	FALSE
Brain_Cerebellum	ENSG00000183726.11	F3	81	3.33507504466493e-21	0.0335491095692872	4.72145666443147e-21	0.0465755077317058	0.91987538269901	TMEM50A	FALSE
Brain_Nucleus_accumbens_basal_ganglia	ENSG00000261349.1	F3	83	1.52045266787991e-10	0.0336595221773173	2.15155004568253e-10	0.0467110189715262	0.919629458483957	ENSG00000261349	FALSE
Brain_Putamen_basal_ganglia	ENSG00000187010.21	F3	81	1.78857965197174e-18	0.033809819521568	2.53208734573375e-18	0.0469452245283851	0.919244955950047	RHD	FALSE
Brain_Cerebellum	ENSG00000188672.19	F3	83	2.29100106887e-28	0.0338229533064338	3.24438820524777e-28	0.0469789859537118	0.919198060739852	RHCE	FALSE
Brain_Cerebellum	ENSG00000187010.21	F3	84	2.61909649452658e-19	0.0338748885680987	3.708410520717e-19	0.0470447856167263	0.919080325815177	RHD	FALSE
Brain_Anterior_cingulate_cortex_BA24	ENSG00000183726.11	F3	81	1.18736865676854e-10	0.0343792097609	1.68095457600118e-10	0.04775268559222	0.917868104360048	TMEM50A	FALSE
Brain_Frontal_Cortex_BA9	ENSG00000261349.1	F3	80	7.90831983493957e-06	0.0344203710946776	1.11891225807892e-05	0.0477820413822834	0.917778490080623	ENSG00000261349	FALSE
Brain_Frontal_Cortex_BA9	ENSG00000183726.11	F3	82	3.24739690178073e-24	0.0345582469294261	4.59873720668522e-24	0.048021561016254	0.91742019205432	TMEM50A	FALSE
Brain_Caudate_basal_ganglia	ENSG00000224183.1	F3	85	4.42658026101785e-14	0.0345598824584123	6.2688754043974e-14	0.0480259200124756	0.917414197529004	SDHDP6	FALSE
Brain_Cerebellar_Hemisphere	ENSG00000183726.11	F3	81	1.32658211556196e-24	0.0345683321688279	1.87803869075002e-24	0.0480208829899519	0.91741078484122	TMEM50A	FALSE
Brain_Cerebellar_Hemisphere	ENSG00000187010.21	F3	83	3.99291161549773e-16	0.0346644089274233	5.65453919945454e-16	0.0481726436852609	0.917162947387317	RHD	FALSE
Brain_Hippocampus	ENSG00000187010.21	F3	81	7.06464336488469e-24	0.0348141174304824	1.0001396385465e-23	0.0483694348531041	0.916816447716411	RHD	FALSE
Brain_Frontal_Cortex_BA9	ENSG00000164078.14	ADHD	291	0.000287575203069327	0.0281199594420365	0.000564846536972773	0.0543156639284374	0.916711954889484	MST1R	FALSE
Brain_Anterior_cingulate_cortex_BA24	ENSG00000188672.19	F3	82	8.47520024287742e-36	0.0349738909685744	1.19997621615882e-35	0.0486019779669761	0.916424131064454	RHCE	FALSE
Brain_Hypothalamus	ENSG00000188672.19	F3	83	4.78837182003197e-27	0.0349761753357634	6.78102566879863e-27	0.0486149039476791	0.916408920716561	RHCE	FALSE
Brain_Caudate_basal_ganglia	ENSG00000188672.19	F3	90	3.49622743167822e-68	0.0348744046776343	4.98933936115771e-68	0.0488517241653827	0.916273871156991	RHCE	FALSE
Brain_Putamen_basal_ganglia	ENSG00000188672.19	F3	82	1.1088476565508e-51	0.0350459494818258	1.56998156630298e-51	0.0487041775455267	0.916249872972649	RHCE	FALSE
Brain_Hippocampus	ENSG00000188672.19	F3	81	5.10083045512223e-32	0.0350850506459103	7.22123179356861e-32	0.0487536494166287	0.916161299937454	RHCE	FALSE
Brain_Hypothalamus	ENSG00000167550.11	ADHD	44	0.0118190050981454	0.0368825876135301	0.00878911608386443	0.0265114667816702	0.91599782442279	RHEBL1	FALSE
Brain_Cerebellum	ENSG00000167550.11	ADHD	33	0.00113281827487138	0.0438938534984526	0.00103453871820434	0.039171000548856	0.914767788959615	RHEBL1	FALSE
Brain_Cerebellar_Hemisphere	ENSG00000254340.2	ASD	164	0.00122417661667809	0.0227086778329193	0.00320097456239765	0.0584642032911658	0.91440196769684		FALSE
Brain_Cerebellar_Hemisphere	ENSG00000249188.1	ASD	268	3.53595758737433e-05	0.014201187662767	0.000180098607519491	0.0714174177998217	0.914165936354018		FALSE
Brain_Cerebellum	ENSG00000249188.1	ASD	416	2.68403717251473e-06	0.0146270997688537	1.32739318182973e-05	0.0714245310868114	0.913932411175344		FALSE
Brain_Anterior_cingulate_cortex_BA24	ENSG00000173540.14	ADHD	365	1.26280094695012e-12	0.00108352239793406	1.00779135668262e-10	0.0855582674287327	0.91335821007129	GMPPB	FALSE
Brain_Amygdala	ENSG00000188672.19	F3	81	7.39603103210092e-25	0.0362901067815867	1.0470541004082e-24	0.0504625580731748	0.913247335145236	RHCE	FALSE
Brain_Putamen_basal_ganglia	ENSG00000196072.12	ADHD	153	4.53857713433907e-37	0.00762254701858247	4.79033025336684e-36	0.0795408309262097	0.912836622055204	BLOC1S2	FALSE
Brain_Anterior_cingulate_cortex_BA24	ENSG00000253893.2	ASD	957	6.67967738392244e-15	0.00840843757984938	6.41274423616714e-14	0.0798124183375732	0.911779144082504	FAM85B	FALSE
Brain_Hippocampus	ENSG00000261349.1	F3	80	0.000108794236847181	0.0371310828683709	0.000153928024861658	0.0516241007607965	0.910982094109124	ENSG00000261349	FALSE
Brain_Nucleus_accumbens_basal_ganglia	ENSG00000188672.19	F3	83	1.37008053015104e-68	0.0372307297024348	1.94023179328069e-68	0.0518131311433219	0.910956139154255	RHCE	FALSE
Brain_Substantia_nigra	ENSG00000188672.19	F3	81	2.60411780261679e-14	0.03773939296803	3.6866424861408e-14	0.0525178131243746	0.909742793907533	RHCE	FALSE
Brain_Cerebellum	ENSG00000070961.16	ADHD	116	4.0160821848566e-06	4.70597086965206e-05	0.00729872348934872	0.084617059587384	0.908033141132386	ATP2B1	FALSE
Brain_Frontal_Cortex_BA9	ENSG00000188672.19	F3	81	1.69400078440908e-33	0.0384909510679176	2.39819230031865e-33	0.0535836092352555	0.907925439696825	RHCE	FALSE
Brain_Anterior_cingulate_cortex_BA24	ENSG00000261349.1	F3	81	0.000312896246277362	0.0382644359852295	0.000442791366731655	0.0532417190787241	0.907738157323038	ENSG00000261349	FALSE
Brain_Substantia_nigra	ENSG00000187010.21	F3	81	9.75217095732571e-10	0.0386677485920423	1.38061218840629e-09	0.0538343285281822	0.907497920523946	RHD	FALSE
Brain_Cerebellar_Hemisphere	ENSG00000261349.1	F3	86	4.29069349409403e-15	0.0387143970785713	6.08492718406339e-15	0.0539962565541454	0.907289346367272	ENSG00000261349	FALSE
Brain_Spinal_cord_cervical_c-1	ENSG00000164078.14	ADHD	201	0.00022177803355687	0.0217370629096072	0.000729786921050531	0.0706216937194646	0.906689678416322	MST1R	FALSE
Brain_Putamen_basal_ganglia	ENSG00000254340.2	ASD	37	0.0138347149754231	0.0215900698737782	0.0240311491836851	0.0365983947054385	0.903945671261675		FALSE
Brain_Substantia_nigra	ENSG00000196072.12	ADHD	130	1.26398876132788e-17	0.00848847915458118	1.33249307544283e-16	0.0885823577364172	0.902929163109002	BLOC1S2	FALSE
Brain_Frontal_Cortex_BA9	ENSG00000224183.1	F3	81	3.45834414285476e-09	0.0407503174447158	4.89596839126585e-09	0.0567876514830734	0.902462022717898	SDHDP6	FALSE
Brain_Hypothalamus	ENSG00000196072.12	ADHD	151	3.96678008020981e-22	0.00864295204767874	4.18680794149745e-21	0.0903225259969047	0.901034521955419	BLOC1S2	FALSE
Brain_Anterior_cingulate_cortex_BA24	ENSG00000224183.1	F3	81	1.71966063219708e-07	0.0413936661692661	2.43451887699967e-07	0.0576999946204915	0.900905923792292	SDHDP6	FALSE
Brain_Hippocampus	ENSG00000270562.1	F3	38	0.00379256608729227	0.00390645468777466	0.0454963697293793	0.0459617569585989	0.900842852536955	ENSG00000270562	FALSE
Brain_Hippocampus	ENSG00000224183.1	F3	82	2.03026390562143e-05	0.0417512294509899	2.87480358500937e-05	0.0582187295240432	0.89998099035006	SDHDP6	FALSE
Brain_Cortex	ENSG00000224183.1	F3	83	2.6590663772702e-09	0.0418788131696334	3.76562180987612e-09	0.058406729943451	0.899714450462227	SDHDP6	FALSE
Brain_Cerebellar_Hemisphere	ENSG00000204178.11	F3	83	1.01235470150888e-19	0.0420523534543618	1.43364038442922e-19	0.058652907747749	0.899294738797889	MACO1	FALSE
Brain_Spinal_cord_cervical_c-1	ENSG00000261349.1	F3	58	0.0109524931329876	0.0353012839314393	0.0135131158732786	0.0426569218134113	0.897576185248883	ENSG00000261349	FALSE
Brain_Frontal_Cortex_BA9	ENSG00000204178.11	F3	80	0.000226287110889382	0.0429848033071939	0.000320163356444887	0.0599206980108503	0.896548048214623	MACO1	FALSE
Brain_Anterior_cingulate_cortex_BA24	ENSG00000285675.1	ASD	77	5.45000992106956e-05	0.0798857032912617	1.67777994919253e-05	0.0236963849667112	0.896346633843324	ENSG00000285675	FALSE
Brain_Cerebellar_Hemisphere	ENSG00000196072.12	ADHD	154	2.59603001439993e-06	0.00915426854829368	2.73986636345514e-05	0.0957196284456436	0.895096108312414	BLOC1S2	FALSE
Brain_Nucleus_accumbens_basal_ganglia	ENSG00000183726.11	F3	83	1.1475985762784e-05	0.0445711136818648	1.62516523271341e-05	0.0622259553326871	0.893175203347358	TMEM50A	FALSE
Brain_Spinal_cord_cervical_c-1	ENSG00000224183.1	F3	80	0.00201391648276533	0.0437129384367458	0.0028493989701297	0.0609569846243717	0.890466761485987	SDHDP6	FALSE
Brain_Cerebellum	ENSG00000224183.1	F3	82	0.000269636550657485	0.0460569800691007	0.000381619644674724	0.0642959664264805	0.888995797309086	SDHDP6	FALSE
Brain_Cerebellum	ENSG00000196072.12	ADHD	181	3.10577394399174e-09	0.00978395159549361	3.27577104285286e-08	0.102306933492138	0.887909079048882	BLOC1S2	FALSE
Brain_Frontal_Cortex_BA9	ENSG00000197728.11	ADHD	101	9.59208814190098e-308	0.0295574579919313	2.72767568038044e-307	0.0831644509441011	0.887278091064014	RPS26	FALSE
Brain_Anterior_cingulate_cortex_BA24	ENSG00000197728.11	ADHD	103	1.71859527252454e-277	0.0295574222576598	4.88719232724623e-277	0.0831655593766803	0.887277018365671	RPS26	FALSE
Brain_Amygdala	ENSG00000197728.11	ADHD	137	7.03045410829151e-232	0.0295572765479368	1.99937688109046e-231	0.0831700791108419	0.88727264434119	RPS26	FALSE
Brain_Substantia_nigra	ENSG00000197728.11	ADHD	148	4.00696488705866e-162	0.0295571174024362	1.13960577960488e-161	0.0831750156061329	0.887267866991441	RPS26	FALSE
Brain_Hypothalamus	ENSG00000197728.11	ADHD	155	3.69001896934077e-267	0.0295570308867289	1.04950092855245e-266	0.0831776992156763	0.887265269897565	RPS26	FALSE
Brain_Hippocampus	ENSG00000197728.11	ADHD	127	1.57468114847347e-239	0.0295560487977049	4.48041749758507e-239	0.0832081623945441	0.887235788807727	RPS26	FALSE
Brain_Spinal_cord_cervical_c-1	ENSG00000197728.11	ADHD	175	5.44968966539042e-233	0.0295535164215453	1.55217227279085e-232	0.0832867135503417	0.887159770028123	RPS26	FALSE
Brain_Cortex	ENSG00000197728.11	ADHD	178	1.11253692926878e-308	0.0295512650166815	1.11253692929686e-308	0.083356549326289	0.88709218565702	RPS26	FALSE
Brain_Cerebellar_Hemisphere	ENSG00000197728.11	ADHD	189	0	0.0295507031076753	0	0.0833739790441696	0.887075317848211	RPS26	FALSE
Brain_Putamen_basal_ganglia	ENSG00000197728.11	ADHD	200	0	0.0295506624212299	0	0.0833752410870157	0.887074096491772	RPS26	FALSE
Brain_Cerebellum	ENSG00000197728.11	ADHD	217	0	0.0295506334257797	0	0.0833761404898206	0.887073226084453	RPS26	FALSE
Brain_Nucleus_accumbens_basal_ganglia	ENSG00000197728.11	ADHD	247	0	0.029550430096459	0	0.0833824475122118	0.887067122391385	RPS26	FALSE
Brain_Caudate_basal_ganglia	ENSG00000197728.11	ADHD	259	0	0.0295501393865869	0	0.0833914649704895	0.887058395642947	RPS26	FALSE
Brain_Putamen_basal_ganglia	ENSG00000261349.1	F3	82	0.000311658545350825	0.0471906866629476	0.000441093846685885	0.0659033567207367	0.88615320422428	ENSG00000261349	FALSE
Brain_Nucleus_accumbens_basal_ganglia	ENSG00000167550.11	ADHD	42	0.00104772138716192	0.0561828861935215	0.00106049846700597	0.0559823162152008	0.88572657773711	RHEBL1	FALSE
Brain_Cerebellum	ENSG00000139636.16	ADHD	97	7.23693006388533e-05	0.0869342920232134	2.3485218005344e-05	0.0273261917751969	0.885643661682946	LMBR1L	FALSE
Brain_Anterior_cingulate_cortex_BA24	ENSG00000196072.12	ADHD	136	3.94184022687263e-15	0.0100097852485668	4.15978014299229e-14	0.104746906947155	0.885243307804234	BLOC1S2	FALSE
Brain_Cortex	ENSG00000139636.16	ADHD	38	0.0104106130563169	0.0888758906318433	0.00176191164257895	0.0141567272510037	0.884794857418257	LMBR1L	FALSE
Brain_Anterior_cingulate_cortex_BA24	ENSG00000255310.2	ASD	66	0.0205111453385968	0.0417331089795882	0.0178041644807326	0.0353407253845125	0.88461085581657	ENSG00000255310	FALSE
Brain_Amygdala	ENSG00000196072.12	ADHD	130	1.19904068643584e-14	0.0101020190700356	1.26473686013498e-13	0.105670921771017	0.884227059158807	BLOC1S2	FALSE
Brain_Frontal_Cortex_BA9	ENSG00000253893.2	ASD	1259	2.41065150704276e-23	0.0105004039495595	2.43913837516972e-22	0.105360742056118	0.884138853994324	FAM85B	FALSE
Brain_Frontal_Cortex_BA9	ENSG00000196072.12	ADHD	148	6.87010664603708e-20	0.0101111711787752	7.2502095645073e-19	0.105821860269145	0.884066968552081	BLOC1S2	FALSE
Brain_Cortex	ENSG00000196072.12	ADHD	151	3.97011521593954e-36	0.0101774599624473	4.18976090528041e-35	0.106521954795053	0.883300585242498	BLOC1S2	FALSE
Brain_Spinal_cord_cervical_c-1	ENSG00000196072.12	ADHD	155	1.46315255047117e-28	0.0101901197866371	1.54432678991237e-27	0.106671435915375	0.883138444297994	BLOC1S2	FALSE
Brain_Anterior_cingulate_cortex_BA24	ENSG00000139531.13	ADHD	33	0.00635221628817368	0.0426235823713275	0.00912966760489494	0.060378857321994	0.88151567641361	SUOX	TRUE
Brain_Amygdala	ENSG00000261349.1	F3	56	0.0185892341654103	0.0362301833687751	0.0221104361866179	0.0422121037372036	0.880858042541993	ENSG00000261349	FALSE
Brain_Caudate_basal_ganglia	ENSG00000196072.12	ADHD	157	6.22732937145103e-35	0.0104109294034128	6.57291281242052e-34	0.109006219633924	0.88058285096267	BLOC1S2	FALSE
Brain_Spinal_cord_cervical_c-1	ENSG00000233609.3	ASD	53	0.00554755621669605	0.0307977620950139	0.0128226738339071	0.0703057118840236	0.88052629597036	RPL10P19	FALSE
Brain_Anterior_cingulate_cortex_BA24	ENSG00000186523.15	ASD	41	0.0190871102767567	0.0527716870157625	0.0134375125150534	0.0362733540058529	0.878430336186575	FAM86B1	FALSE
Brain_Amygdala	ENSG00000167550.11	ADHD	30	0.0182108569861413	0.047804651453261	0.0156524582799875	0.0402105715652491	0.878121461715361	RHEBL1	FALSE
Brain_Cerebellar_Hemisphere	ENSG00000167550.11	ADHD	39	8.91163726499133e-05	0.0617964370474503	9.01818293108527e-05	0.0616588969203329	0.876365367830256	RHEBL1	FALSE
Brain_Substantia_nigra	ENSG00000224183.1	F3	80	0.00184482869691065	0.0503264512403637	0.00261016434098844	0.070329721466998	0.874888834254739	SDHDP6	FALSE
Brain_Amygdala	ENSG00000139531.13	ADHD	46	0.00141464961274623	0.0325871825119823	0.00384137404104333	0.0876134864098856	0.874543307424343	SUOX	TRUE
Brain_Cerebellum	ENSG00000204178.11	F3	81	1.70384129406007e-08	0.0527451532613415	2.41212348305093e-08	0.0737977128350796	0.873457092743933	MACO1	FALSE
Brain_Cortex	ENSG00000111540.16	ADHD	38	0.00197175901313226	0.0422444352367991	0.0037793589556154	0.0800998996001527	0.8719045471943	RAB5B	FALSE
Brain_Hypothalamus	ENSG00000261349.1	F3	49	0.0259578891297437	0.0458201450644964	0.0209403574353535	0.0360921479895384	0.871189460380868	ENSG00000261349	FALSE
Brain_Hippocampus	ENSG00000196072.12	F3	95	8.14821514495861e-22	0.111470818593613	1.39338986770308e-22	0.0181917892711508	0.870337392135239	BLOC1S2	FALSE
Brain_Cerebellum	ENSG00000251402.3	ASD	95	0.00582468383785759	0.0495529554300265	0.00804650532550639	0.067585904917925	0.868989950488685	FAM90A25P	FALSE
Brain_Hippocampus	ENSG00000270562.1	ADHD	62	2.77111482674022e-05	5.1606889268076e-05	0.0462423576590961	0.0852494110325749	0.868428913270793	ENSG00000270562	FALSE
Brain_Cerebellar_Hemisphere	ENSG00000224183.1	F3	82	0.000660079419937772	0.0543981027478156	0.000934217831668283	0.0761223617849741	0.867885238215604	SDHDP6	FALSE
Brain_Putamen_basal_ganglia	ENSG00000253893.2	ASD	710	1.18653457244383e-15	0.0151475252876545	9.42017683268328e-15	0.119394305094888	0.865458169617448	FAM85B	FALSE
Brain_Putamen_basal_ganglia	ENSG00000224183.1	F3	81	2.44955853332209e-06	0.0561988769098761	3.46783334922843e-06	0.0786954973895466	0.865099708308695	SDHDP6	FALSE
Brain_Cortex	ENSG00000167550.11	ADHD	131	5.68494158816732e-05	0.0614704068052618	6.87051448291182e-05	0.0734248466005622	0.864979192033465	RHEBL1	FALSE
Brain_Cortex	ENSG00000233609.3	ASD	2296	1.04803785598322e-27	0.00914468931867429	1.46380064868588e-26	0.126860419645005	0.86399489103632	RPL10P19	FALSE
Brain_Amygdala	ENSG00000173540.14	ADHD	369	2.489709789997e-14	0.00114517960561353	2.97496773747252e-12	0.135975252892744	0.862879567498643	GMPPB	FALSE
Brain_Hypothalamus	ENSG00000139636.16	ADHD	117	0.000321021406828816	0.0970029200203725	0.000138847192813058	0.041093961757622	0.861443249622363	LMBR1L	FALSE
Brain_Anterior_cingulate_cortex_BA24	ENSG00000171056.8	ASD	94	0.000376572992194795	0.000692996016605114	0.0490261062806543	0.0893607337346631	0.860543590975882	SOX7	FALSE
Brain_Caudate_basal_ganglia	ENSG00000243477.6	ADHD	45	7.74525337734678e-11	0.00289615948197749	3.70930181189939e-09	0.137841553437841	0.859262283293426	NAA80	FALSE
Brain_Cortex	ENSG00000253893.2	ASD	1208	2.12757246216989e-18	0.0128725670045077	2.1526348540993e-17	0.129384290387809	0.857743142607681	FAM85B	FALSE
Brain_Cerebellar_Hemisphere	ENSG00000235016.1	ADHD	88	0.0301025078815806	0.0229173388307427	0.0519606845594889	0.0387018686683934	0.856317600059795	SEMA3F-AS1	FALSE
Brain_Frontal_Cortex_BA9	ENSG00000167550.11	ADHD	64	1.56614618047356e-07	0.0670125571670781	1.81739651110799e-07	0.0769070234621322	0.856080081016521	RHEBL1	FALSE
Brain_Frontal_Cortex_BA9	ENSG00000177352.10	ADHD	354	6.32348009549087e-05	0.0731205149242561	6.20285613679666e-05	0.0708698153466971	0.855884406366725	CCDC71	FALSE
Brain_Substantia_nigra	ENSG00000173540.14	ADHD	402	6.92709924928423e-13	0.0012487181219738	8.01262409093514e-11	0.143584931110721	0.855166350686485	GMPPB	FALSE
Brain_Spinal_cord_cervical_c-1	ENSG00000253893.2	ASD	726	1.33305272796526e-12	0.0136724212835412	1.28906457086928e-11	0.131357608759135	0.854969969943101	FAM85B	FALSE
Brain_Cerebellar_Hemisphere	ENSG00000243477.6	ADHD	72	3.28415485437203e-06	0.00354553831765696	0.000132290284504851	0.141964816633622	0.854354070609363	NAA80	FALSE
Brain_Hypothalamus	ENSG00000224183.1	F3	82	5.53232593480832e-06	0.0609920113092802	7.82996315713961e-06	0.0854691545471876	0.85352547185444	SDHDP6	FALSE
Brain_Anterior_cingulate_cortex_BA24	ENSG00000164078.14	ADHD	207	0.000127154089209852	0.00658204948679274	0.00267356160308646	0.137542118359869	0.853075116461043	MST1R	FALSE
Brain_Caudate_basal_ganglia	ENSG00000254340.2	ASD	78	0.0162748797942966	0.0485944888653071	0.0208916041087785	0.0615266622340217	0.852712364997596		FALSE
Brain_Cerebellar_Hemisphere	ENSG00000253893.2	ASD	997	3.1406375871515e-15	0.014428138044984	2.91075828551327e-14	0.132867985612879	0.852703876342105	FAM85B	FALSE
Brain_Substantia_nigra	ENSG00000139531.13	ADHD	45	0.00433704379801948	0.0355544960270248	0.0117857218796732	0.0957651897607766	0.852557548534506	SUOX	TRUE
Brain_Caudate_basal_ganglia	ENSG00000139531.13	ADHD	81	2.84015435963402e-06	0.0445037503273502	6.69251747596657e-06	0.104016818616125	0.851469898384689	SUOX	TRUE
Brain_Cerebellar_Hemisphere	ENSG00000154319.16	ASD	200	0.00514008002873108	0.064560538038225	0.00589549851325511	0.0731975543695778	0.851206329050211	FAM167A	FALSE
Brain_Caudate_basal_ganglia	ENSG00000173540.14	ADHD	551	1.03799006632371e-23	0.00112090389208552	1.38467419800787e-21	0.148677886599123	0.850201209508795	GMPPB	FALSE
Brain_Spinal_cord_cervical_c-1	ENSG00000139531.13	ADHD	65	1.59656747641689e-09	0.0395698609498396	4.49198239683164e-09	0.110480840954745	0.849949292006864	SUOX	TRUE
Brain_Caudate_basal_ganglia	ENSG00000168036.18	ADHD	51	0.027469905425172	0.0986057251857645	0.00575042461624351	0.0197932917748645	0.848380652997955	CTNNB1	FALSE
Brain_Nucleus_accumbens_basal_ganglia	ENSG00000173540.14	ADHD	558	1.66900643103295e-19	0.00113841980200111	2.229388132696e-17	0.15121765369111	0.84764392650689	GMPPB	FALSE
Brain_Cerebellar_Hemisphere	ENSG00000139636.16	ADHD	96	0.00283296967019075	0.0837367353613545	0.00219548319387536	0.0640467630338574	0.847188048740722	LMBR1L	FALSE
Brain_Cortex	ENSG00000164733.22	ASD	89	2.12902867577677e-05	0.105171768034254	9.93742899710886e-06	0.0482432960073551	0.846553708242636	CTSB	FALSE
Brain_Spinal_cord_cervical_c-1	ENSG00000173540.14	ADHD	671	3.81832408159884e-35	0.00108251413497468	5.42251082584699e-33	0.152884884172003	0.846032601693027	GMPPB	FALSE
Brain_Amygdala	ENSG00000164733.22	ASD	60	0.00439708157345514	0.108485468456112	0.0016368615469102	0.0395389565666118	0.845941631856912	CTSB	FALSE
Brain_Frontal_Cortex_BA9	ENSG00000253981.6	ASD	208	0.00115522138906103	0.0169409833188733	0.00877662429474567	0.127861358893101	0.845265812104219	ALG1L13P	FALSE
Brain_Cerebellum	ENSG00000109323.11	ASD	755	2.2590588562248e-09	0.0703556755556321	2.76418701093391e-09	0.0852428839756817	0.844401435445439	MANBA	FALSE
Brain_Frontal_Cortex_BA9	ENSG00000173540.14	ADHD	586	5.57359250404193e-16	0.00111153539311317	7.8136017682483e-14	0.154981889925535	0.843906574681274	GMPPB	FALSE
Brain_Cerebellar_Hemisphere	ENSG00000173540.14	ADHD	763	6.35036521405e-40	0.00109702259451761	9.05023088508594e-38	0.155498907464745	0.843404069940735	GMPPB	FALSE
Brain_Putamen_basal_ganglia	ENSG00000139531.13	ADHD	155	9.17279018051433e-09	0.0412324193998284	2.58876757823174e-08	0.115523912285212	0.843243633254494	SUOX	TRUE
Brain_Spinal_cord_cervical_c-1	ENSG00000164733.22	ASD	96	0.00217208985134642	0.103278635763157	0.00107719098993184	0.0503752336569686	0.843096849738596	CTSB	FALSE
Brain_Cerebellum	ENSG00000173540.14	ADHD	899	7.53226933518402e-51	0.00110090170980234	1.07581420378868e-48	0.156396390868555	0.842502707421648	GMPPB	FALSE
Brain_Hypothalamus	ENSG00000253893.2	ASD	786	8.03578629723669e-12	0.016190588710976	7.06553206410592e-11	0.141514805798676	0.842294605411657	FAM85B	FALSE
Brain_Frontal_Cortex_BA9	ENSG00000139531.13	ADHD	65	0.000102628033409046	0.0430447646738942	0.000275145351629951	0.114560827194698	0.842016634746368	SUOX	TRUE
Brain_Cerebellum	ENSG00000164733.22	ASD	103	0.000183569275189614	0.115857986521542	6.84492115864936e-05	0.0423595325978957	0.841530462393786	CTSB	FALSE
Brain_Nucleus_accumbens_basal_ganglia	ENSG00000174891.14	ADHD	498	1.22880840449713e-06	0.0482159324953225	2.83258624919277e-06	0.110303423532383	0.841476582577641	RSRC1	FALSE
Brain_Hypothalamus	ENSG00000173540.14	ADHD	820	1.81904629222174e-22	0.00111453437865397	2.58619777261762e-20	0.157615738206131	0.841269727415219	GMPPB	FALSE
Brain_Hippocampus	ENSG00000253893.2	ASD	1124	1.26606494604453e-17	0.0143814012642674	1.27821772142538e-16	0.144353197270825	0.841265401464909	FAM85B	FALSE
Brain_Caudate_basal_ganglia	ENSG00000183726.11	F3	46	0.0256255044162339	0.0635363663962723	0.0203288194610685	0.0495627176911103	0.840946592035315	TMEM50A	FALSE
Brain_Putamen_basal_ganglia	ENSG00000168036.18	ADHD	111	4.78641302057136e-06	0.130335199158403	1.08726544984701e-06	0.0287656112491568	0.840893315913969	CTNNB1	FALSE
Brain_Caudate_basal_ganglia	ENSG00000253893.2	ASD	894	1.36676344520386e-14	0.0150147425694508	1.32133485230367e-13	0.144316144416072	0.840669113014329	FAM85B	FALSE
Brain_Cerebellar_Hemisphere	ENSG00000254093.9	ASD	109	0.00939249755828188	0.0316706738173027	0.0276265095167951	0.0923151596527055	0.838995159454915	PINX1	FALSE
Brain_Cerebellar_Hemisphere	ENSG00000186792.17	ADHD	294	6.9029911808331e-40	0.00269165829628948	4.09664714202255e-38	0.158900667430046	0.838407674273662	HYAL3	FALSE
Brain_Hippocampus	ENSG00000186792.17	ADHD	259	5.25317171252509e-46	0.00269090038199645	3.11867173854331e-44	0.158913377717347	0.838395721900661	HYAL3	FALSE
Brain_Cortex	ENSG00000139531.13	ADHD	68	3.43711023715495e-06	0.0441544802353879	9.21411315490732e-06	0.117529846124218	0.838303022417001	SUOX	TRUE
Brain_Hypothalamus	ENSG00000186792.17	ADHD	170	5.51052450351899e-37	0.00269152602936544	3.28174096568628e-35	0.159453442559934	0.837855031410694	HYAL3	FALSE
Brain_Hippocampus	ENSG00000139531.13	ADHD	62	2.95888979050674e-10	0.0427585832066677	8.32406132157069e-10	0.119452283779153	0.837789131885884	SUOX	TRUE
Brain_Anterior_cingulate_cortex_BA24	ENSG00000173295.9	ASD	1024	1.70522917325556e-12	0.0133106993851837	1.92895827576177e-11	0.149733912962035	0.836955387631786	FAM86B3P	FALSE
Brain_Anterior_cingulate_cortex_BA24	ENSG00000186792.17	ADHD	261	7.07063446804665e-44	0.00268587703808722	4.24752904554415e-42	0.160511387212292	0.83680273574962	HYAL3	FALSE
Brain_Cerebellum	ENSG00000139531.13	ADHD	213	1.29741168380887e-40	0.0429356863203396	3.66150311520613e-40	0.120334638810046	0.836729674869618	SUOX	TRUE
Brain_Substantia_nigra	ENSG00000255020.1	ASD	335	4.76789905133952e-12	0.0489353429874938	1.12665576833604e-11	0.114798074368599	0.836266582627873	TDH-AS1	FALSE
Brain_Cerebellum	ENSG00000185480.12	ADHD	45	0.0424602374731839	0.0501517353885974	0.0333074350585215	0.0385053651194717	0.835575226960226	PARPBP	FALSE
Brain_Hypothalamus	ENSG00000174891.14	ADHD	119	0.00784259491176008	0.0554342414902269	0.0126609300713193	0.0886565370802942	0.835405696446399	RSRC1	FALSE
Brain_Putamen_basal_ganglia	ENSG00000173540.14	ADHD	651	8.32545359662272e-30	0.00116116198931584	1.17914578216273e-27	0.163621799774022	0.83521703823666	GMPPB	FALSE
Brain_Cerebellar_Hemisphere	ENSG00000167553.17	ADHD	114	0.00213013488079417	0.0898243164387642	0.00173352314155854	0.0722657995279919	0.834046226010891	TUBA1C	FALSE
Brain_Spinal_cord_cervical_c-1	ENSG00000186792.17	ADHD	128	7.56812637921381e-18	0.00348880729453373	3.54469750092914e-16	0.162571980278068	0.833939212427394	HYAL3	FALSE
Brain_Cerebellar_Hemisphere	ENSG00000253981.6	ASD	807	6.24589456449275e-11	0.012161559012939	7.97590551457209e-10	0.15446775487092	0.833370685256093	ALG1L13P	FALSE
Brain_Hypothalamus	ENSG00000139531.13	ADHD	55	2.25154153272361e-07	0.0445707258742922	6.33431743701376e-07	0.124561057233185	0.830867358306626	SUOX	TRUE
Brain_Cerebellum	ENSG00000253981.6	ASD	849	2.65022650575102e-11	0.0119271391658331	3.51302222212729e-10	0.157270041939667	0.830802818516696	ALG1L13P	FALSE
Brain_Cerebellum	ENSG00000173295.9	ASD	1167	1.22342367032338e-18	0.0132630585467297	1.46273353667196e-17	0.157745024638033	0.828991916815239	FAM86B3P	FALSE
Brain_Nucleus_accumbens_basal_ganglia	ENSG00000177352.10	ADHD	475	8.40175122421738e-06	0.0949255188118599	6.80685553378935e-06	0.0760769240248522	0.828982348556531	CCDC71	FALSE
Brain_Cortex	ENSG00000173295.9	ASD	1294	3.75216496098402e-16	0.0132923821000725	4.49387697538535e-15	0.158371300395362	0.828336317504561	FAM86B3P	FALSE
Brain_Cerebellar_Hemisphere	ENSG00000258017.3	ADHD	148	3.09950103967599e-14	0.0784248512994769	3.73561621102568e-14	0.0936922163066215	0.827882932393832	ENSG00000258017	FALSE
Brain_Cerebellar_Hemisphere	ENSG00000173295.9	ASD	1187	1.78731759477902e-20	0.013367210288964	2.13998238489661e-19	0.159220217670913	0.827412572040126	FAM86B3P	FALSE
Brain_Cerebellar_Hemisphere	ENSG00000250569.1	ADHD	371	3.81920027790437e-14	0.146286597786747	7.26024095290557e-15	0.0269821258358591	0.82673127637735	NTAN1P2	FALSE
Brain_Amygdala	ENSG00000255020.1	ASD	264	1.74728926564601e-07	0.0557192199013909	3.74964528413625e-07	0.118746717199246	0.825533513205908	TDH-AS1	FALSE
Brain_Cerebellar_Hemisphere	ENSG00000139531.13	ADHD	68	6.7373763582223e-19	0.0457017574499546	1.91534417392559e-18	0.129098661304311	0.825199581245738	SUOX	TRUE
Brain_Anterior_cingulate_cortex_BA24	ENSG00000154316.16	ASD	272	0.000143976049240974	0.0555483069093042	0.000310267864182462	0.118881283854417	0.825116165322854	TDH	FALSE
Brain_Hippocampus	ENSG00000173540.14	ADHD	814	9.04145065099877e-26	0.00125088019778675	1.27456296263923e-23	0.17551191434699	0.823237205455224	GMPPB	FALSE
Brain_Cerebellum	ENSG00000186792.17	ADHD	348	9.56896591483365e-39	0.00275967818143516	6.12034430167654e-37	0.175688436576781	0.821551885241786	HYAL3	FALSE
Brain_Anterior_cingulate_cortex_BA24	ENSG00000177710.6	ASD	36	0.066174475850894	0.0565560160006229	0.0304914407898834	0.0252379698724958	0.821540097486104	SLC35G5	FALSE
Brain_Nucleus_accumbens_basal_ganglia	ENSG00000196072.12	ADHD	155	3.88092545507979e-24	0.0155544185820328	4.09606222234965e-23	0.16334558416589	0.821099997252076	BLOC1S2	FALSE
Brain_Frontal_Cortex_BA9	ENSG00000173295.9	ASD	1158	1.09580744191837e-17	0.0139795654197677	1.30716514811638e-16	0.165939150342649	0.820081284237585	FAM86B3P	FALSE
Brain_Hippocampus	ENSG00000145354.12	ADHD	99	0.0144924399264116	0.0168794179434133	0.0695503160372136	0.0801867130812914	0.81889111301167	CISD2	FALSE
Brain_Hypothalamus	ENSG00000174891.14	ASD	140	0.00724326549388632	0.0634656280417423	0.0115406093414313	0.100301586482518	0.817448910640422	RSRC1	FALSE
Brain_Frontal_Cortex_BA9	ENSG00000271904.1	F3	212	3.21938198173166e-10	0.0126510479082517	4.42362095550123e-09	0.173018538612577	0.814330408733611	ENSG00000271904	FALSE
Brain_Amygdala	ENSG00000253893.2	ASD	629	2.79027842334101e-09	0.0181357629416957	2.60297171907411e-08	0.168369902039395	0.813494306198915	FAM85B	FALSE
Brain_Frontal_Cortex_BA9	ENSG00000104643.10	ASD	248	3.6341059003679e-05	0.0535966235105517	9.06145637703302e-05	0.132826977999812	0.813449442866863	MTMR9	FALSE
Brain_Hippocampus	ENSG00000177352.10	ADHD	369	0.000409975175554781	0.0947205115313513	0.00039753180589213	0.0910321602278905	0.813439821259311	CCDC71	FALSE
Brain_Nucleus_accumbens_basal_ganglia	ENSG00000079102.16	ADHD	114	0.00966396246988556	0.0702804518780639	0.0132843808092517	0.0957987038200347	0.810972501022764	RUNX1T1	FALSE
Brain_Cortex	ENSG00000177352.10	ADHD	332	1.19500138846682e-05	0.0964728318471665	1.16799807620919e-05	0.0934828253804901	0.810020712777696	CCDC71	FALSE
Brain_Spinal_cord_cervical_c-1	ENSG00000226913.2	ADHD	370	0.000454601453322816	0.0969728108141749	0.000440709134023192	0.093200454523405	0.808931424075074	BSN-DT	FALSE
Brain_Anterior_cingulate_cortex_BA24	ENSG00000174891.14	ADHD	136	0.00343420576535427	0.0694531567098977	0.00560819918427848	0.112610966437345	0.808893471903125	RSRC1	FALSE
Brain_Cortex	ENSG00000173540.14	ADHD	839	5.27419134826191e-33	0.00134178202818171	7.500363840963e-31	0.190004548622687	0.808653669349135	GMPPB	FALSE
Brain_Anterior_cingulate_cortex_BA24	ENSG00000251402.3	ASD	70	0.0343301044737471	0.104574440657264	0.0131983852354267	0.039395680180379	0.808501389453183	FAM90A25P	FALSE
Brain_Putamen_basal_ganglia	ENSG00000079102.16	ADHD	159	0.00244522621113204	0.0762048142454974	0.00357181895901116	0.110507502224302	0.807270638360057	RUNX1T1	FALSE
Brain_Hippocampus	ENSG00000173421.17	ADHD	110	0.0370208405158519	0.0926481802862969	0.0194833106026701	0.0479559491966305	0.802891719398551	IHO1	FALSE
Brain_Caudate_basal_ganglia	ENSG00000001617.12	ADHD	47	0.022617691224718	0.00706628135252925	0.130212615167531	0.039881161418281	0.800222250836941	SEMA3F	FALSE
Brain_Hypothalamus	ENSG00000246560.3	ADHD	131	0.00848562348579488	0.0265834078952585	0.0406843864081414	0.126656761726746	0.797589820484059	UBE2D3-AS1	FALSE
Brain_Substantia_nigra	ENSG00000233609.3	ASD	376	0.000128739357958122	0.0179744829522409	0.00131948529014353	0.183428298682762	0.797148993716895	RPL10P19	FALSE
Brain_Putamen_basal_ganglia	ENSG00000186792.17	ADHD	166	9.57157964901961e-24	0.00256800768724088	7.51392229303485e-22	0.200798201308347	0.796633791004413	HYAL3	FALSE
Brain_Cortex	ENSG00000186792.17	ADHD	304	1.18848090509707e-56	0.00255638951420792	9.37978508545646e-55	0.200960096125648	0.796483514360131	HYAL3	FALSE
Brain_Frontal_Cortex_BA9	ENSG00000243477.6	ADHD	162	4.55803122877953e-20	0.00256706146368684	3.58725991538815e-18	0.201236572318588	0.796196366217723	NAA80	FALSE
Brain_Nucleus_accumbens_basal_ganglia	ENSG00000186792.17	ADHD	306	3.20410670336038e-32	0.00254741695177661	2.57420928999079e-30	0.2038682759195	0.793584307128726	HYAL3	FALSE
Brain_Hippocampus	ENSG00000164733.22	ASD	216	0.000848875502673505	0.137899140166155	0.000420742797366497	0.0675560526043811	0.793275188929424	CTSB	FALSE
Brain_Nucleus_accumbens_basal_ganglia	ENSG00000139531.13	ADHD	145	2.1766421509792e-12	0.0546392098657637	6.12990101723371e-12	0.153083704773363	0.792277085352569	SUOX	TRUE
Brain_Cortex	ENSG00000243477.6	ADHD	189	1.73466099354796e-19	0.00257709085176852	1.39063094562644e-17	0.20580680869205	0.791616100456183	NAA80	FALSE
Brain_Nucleus_accumbens_basal_ganglia	ENSG00000173273.16	ADHD	122	0.00816787267098783	0.183230705464267	0.000785257062706056	0.0168247589083221	0.790991405893717	TNKS	FALSE
Brain_Caudate_basal_ganglia	ENSG00000186792.17	ADHD	138	7.70694106443258e-24	0.00350163830756107	4.56965921432502e-22	0.206832185653422	0.789666176039015	HYAL3	FALSE
Brain_Nucleus_accumbens_basal_ganglia	ENSG00000168036.18	ADHD	74	0.000522946313353315	0.173917268532316	0.000112313938441276	0.0365635802014445	0.788883891014446	CTNNB1	FALSE
Brain_Amygdala	ENSG00000186792.17	ADHD	77	2.544512159671e-28	0.00353777826749213	1.50856657555263e-26	0.208956984517757	0.787505237214754	HYAL3	FALSE
Brain_Cerebellum	ENSG00000154319.16	ASD	262	0.00171568549676379	0.0535520339740723	0.00492862041250443	0.153051260612552	0.786752399504108	FAM167A	FALSE
Brain_Spinal_cord_cervical_c-1	ENSG00000174891.14	ADHD	126	0.0259143011675218	0.0571753735270247	0.0416214119396531	0.0910461237322434	0.784242789633557	RSRC1	FALSE
Brain_Cortex	ENSG00000174891.14	ADHD	446	3.6397572259543e-05	0.0632871352171921	8.82279653407299e-05	0.152624487026873	0.783963752218335	RSRC1	FALSE
Brain_Hippocampus	ENSG00000173295.9	ASD	394	9.54369571344869e-05	0.0244173058663314	0.000757368575701166	0.192989107763543	0.781740780837291	FAM86B3P	FALSE
Brain_Nucleus_accumbens_basal_ganglia	ENSG00000104626.15	ASD	265	0.000276405143144686	0.121931828862286	0.00022702671829435	0.0993711112919422	0.778193627984333	ERI1	FALSE
Brain_Cerebellum	ENSG00000068885.15	ADHD	110	0.00936720492092571	0.0247064370755991	0.05235945327248	0.137324241794219	0.776242662936776	IFT80	FALSE
Brain_Spinal_cord_cervical_c-1	ENSG00000184608.9	ASD	107	0.0301814875499955	0.104346961499508	0.0212069896221688	0.0725475627738318	0.771716998554495	FAM167A-AS1	FALSE
Brain_Putamen_basal_ganglia	ENSG00000270154.1	ASD	30	0.0958745466805035	0.0903645582049833	0.0240802453230851	0.0219285818959	0.767752067895528	ENSG00000270154	FALSE
Brain_Hippocampus	ENSG00000175806.15	ASD	130	0.0027956514441396	0.0186950574223295	0.0276729749184811	0.184287942676187	0.766548373538862	MSRA	TRUE
Brain_Spinal_cord_cervical_c-1	ENSG00000174891.14	ASD	155	0.0234424852274054	0.0631765865619604	0.0399769537547297	0.106969902535284	0.76643407192062	RSRC1	FALSE
Brain_Cerebellum	ENSG00000185909.15	ADHD	133	0.0446029490326806	0.0978230435600099	0.0288452826603747	0.062497149061302	0.766231575685633	KLHDC8B	FALSE
Brain_Cerebellum	ENSG00000254340.2	ASD	33	0.0782333205264876	0.0847951524791528	0.034739164199768	0.036887572220923	0.765344790573669		FALSE
Brain_Anterior_cingulate_cortex_BA24	ENSG00000174891.14	ASD	171	0.0034159567115358	0.0818575466177774	0.00607192488979695	0.144739355667765	0.763915216113124	RSRC1	FALSE
Brain_Frontal_Cortex_BA9	ENSG00000186792.17	ADHD	338	1.77511567194425e-68	0.00243720315531625	1.74051287337594e-66	0.238210058320433	0.759352738524243	HYAL3	FALSE
