tissue	gene_id	outcome	n_snps	PP0	PP1	PP2	PP3	PP4
Brain_Amygdala	ENSG00000261349.1	ASD	114	3.62938891356813e-06	0.928753473806809	2.10372375949355e-07	0.0538164503775899	0.0174262360543122
Brain_Amygdala	ENSG00000261349.1	ADHD	95	2.55419516344531e-06	0.666079279488708	2.57530221149472e-07	0.06689132788032	0.267026580905589
Brain_Amygdala	ENSG00000261349.1	F3	56	0.0185892341654103	0.0362301833687751	0.0221104361866179	0.0422121037372036	0.880858042541993
Brain_Amygdala	ENSG00000187010.21	ASD	196	8.19437702643947e-26	0.913108531958602	6.26688247001549e-27	0.0698154913275438	0.0170759767138511
Brain_Amygdala	ENSG00000187010.21	ADHD	157	6.55642937584343e-26	0.658561539066174	8.87751201019918e-27	0.0889177828113916	0.252520678122431
Brain_Amygdala	ENSG00000187010.21	F3	81	1.96824487438599e-12	0.0303844295533099	2.78643891215241e-12	0.0420876262842041	0.927527944157732
Brain_Amygdala	ENSG00000188672.19	ASD	193	2.79382745401706e-24	0.609867738626135	2.13544374114537e-25	0.0462709804303126	0.343861280943555
Brain_Amygdala	ENSG00000188672.19	ADHD	154	2.51378962380574e-24	0.462234875636087	3.40303978557883e-25	0.0620993268420865	0.475665797521827
Brain_Amygdala	ENSG00000188672.19	F3	81	7.39603103210092e-25	0.0362901067815867	1.0470541004082e-24	0.0504625580731748	0.913247335145236
Brain_Amygdala	ENSG00000157978.12	ASD	37	2.04290054918598e-23	0.992547507517982	8.197803160785e-27	0.000391230720567417	0.00706126176145184
Brain_Amygdala	ENSG00000157978.12	ADHD	32	2.49390219404478e-23	0.994096575718482	4.64805796401257e-27	0.000179552781160663	0.00572387150035832
Brain_Amygdala	ENSG00000158022.7	ASD	37	0.398356846347834	0.595821377903049	0.00013576679669165	0.00019757764027651	0.00548843131214951
Brain_Amygdala	ENSG00000158022.7	ADHD	37	0.39075894061112	0.584457208549038	0.000575275563612026	0.000837066769704918	0.0233715085065249
Brain_Amygdala	ENSG00000142675.18	ASD	62	0.522676492415991	0.471505409426106	0.000352581458928559	0.000312910416563186	0.00515260628241163
Brain_Amygdala	ENSG00000142675.18	ADHD	60	0.527600924180741	0.457776694425994	0.00100386014870357	0.000858246122854349	0.0127602751217074
Brain_Amygdala	ENSG00000133059.17	ASD	236	0.000709403339888074	0.986530556068466	1.79162175187086e-06	0.00248123875205131	0.0102770102178433
Brain_Amygdala	ENSG00000133059.17	ADHD	217	0.000744750003470744	0.880115555614011	2.36179661063254e-05	0.0278194644021117	0.0912966120143008
Brain_Amygdala	ENSG00000133059.17	F3	142	0.00102614297888548	0.99186459592495	9.95232085558476e-07	0.000955833851288736	0.00615243201279059
Brain_Amygdala	ENSG00000286619.1	ASD	53	1.19638400532133e-16	0.977272049008783	1.75152890456598e-19	0.00140942631464746	0.0213185246765686
Brain_Amygdala	ENSG00000286619.1	ADHD	45	1.48901796415451e-16	0.976882373725469	1.02513691268932e-19	0.000650081884004167	0.0224675443905248
Brain_Amygdala	ENSG00000162877.13	ASD	32	0.339252169027162	0.645905447236235	0.000176124532189637	0.000320979900958287	0.0143452793034561
Brain_Amygdala	ENSG00000287780.1	ASD	227	9.71755405624585e-05	0.989372433186675	2.06941593770807e-07	0.00209850085295522	0.00843168347821306
Brain_Amygdala	ENSG00000287780.1	ADHD	196	0.000117327681882212	0.990681486217204	1.85955133368065e-07	0.00156251362881878	0.00763848651696064
Brain_Amygdala	ENSG00000287780.1	F3	138	0.000163727840643233	0.988306895348442	1.95605648513505e-07	0.00117037142177344	0.0103588097834928
Brain_Amygdala	ENSG00000286996.1	ASD	180	0.0042284419915901	0.985687995225688	6.58032000956931e-06	0.00152538038778708	0.00855160207492525
Brain_Amygdala	ENSG00000286996.1	ADHD	147	0.00509368194193625	0.986356061948066	5.58994057631426e-06	0.00107498341035281	0.00746968275906866
Brain_Amygdala	ENSG00000286996.1	F3	101	0.00712667865597022	0.98112486730302	7.69430941023241e-06	0.00104857801461473	0.010692181716985
Brain_Amygdala	ENSG00000286781.1	ASD	168	0.0971917661960231	0.893269236690373	0.000141125771408986	0.00128894858569119	0.00810892275650314
Brain_Amygdala	ENSG00000286781.1	ADHD	139	0.11038238739685	0.882680060067165	0.000114651538711135	0.000910906616476907	0.00591199438079658
Brain_Amygdala	ENSG00000286781.1	F3	96	0.162606577760635	0.826595306540301	0.000167019638226321	0.000839236826808201	0.009791859234029
Brain_Amygdala	ENSG00000223797.7	ASD	222	0.037838680531103	0.953246125004983	6.56410744468068e-05	0.00164645127957894	0.00720310210988853
Brain_Amygdala	ENSG00000223797.7	ADHD	200	0.041443745629785	0.952633608314703	4.26603910109352e-05	0.00097569535393723	0.00490429031056428
Brain_Amygdala	ENSG00000223797.7	F3	152	0.0491130406773295	0.946914487650429	2.78327813344629e-05	0.000533213134925616	0.00341142575598083
Brain_Amygdala	ENSG00000168036.18	ASD	136	7.11024552754366e-07	0.95419769941175	2.50816767273301e-09	0.00332349262175267	0.0424780944337761
Brain_Amygdala	ENSG00000168036.18	ADHD	126	1.81306212514658e-07	0.21533927584929	4.12871756137648e-08	0.0483008485883747	0.736359652968947
Brain_Amygdala	ENSG00000168036.18	F3	50	1.8288480675464e-06	0.681134186703195	2.61928241376598e-08	0.00944580880628108	0.309418149449632
Brain_Amygdala	ENSG00000168038.11	ASD	833	2.5062012743379e-10	0.981384527289957	2.38587948740726e-12	0.00933340415924211	0.00928206829779459
Brain_Amygdala	ENSG00000168038.11	ADHD	673	2.84041136685519e-10	0.98754160817211	1.47801556276428e-12	0.00513137184197772	0.00732701970039416
Brain_Amygdala	ENSG00000168038.11	F3	542	3.44381903566001e-10	0.993343304674463	8.74653048647211e-13	0.0025187319694399	0.00413796301083991
Brain_Amygdala	ENSG00000114857.19	ASD	52	0.00128754470448502	0.99084066481673	5.2900650886623e-07	0.000399629697687243	0.00747163177458896
Brain_Amygdala	ENSG00000114857.19	ADHD	47	0.00138026507688786	0.993244003224896	3.63555520884253e-07	0.000256497065603546	0.0051188710770917
Brain_Amygdala	ENSG00000093183.14	ASD	123	0.000747405750446732	0.984485886695018	1.26165588057082e-06	0.00164874154003586	0.0131167043586185
Brain_Amygdala	ENSG00000093183.14	ADHD	113	0.000827734835222828	0.990083653737355	7.52939173142461e-07	0.000892422413826976	0.00819543607442215
Brain_Amygdala	ENSG00000093183.14	F3	73	0.00115996201850838	0.991532982972232	5.64246588671556e-07	0.00047548573834357	0.00683100502432719
Brain_Amygdala	ENSG00000010282.15	ASD	104	2.82929764952811e-05	0.978219589840339	4.24237912200489e-08	0.0014464818854131	0.0203055928739613
Brain_Amygdala	ENSG00000010282.15	ADHD	93	3.10656495836629e-05	0.992933162456576	3.02440259942242e-08	0.000960596944187584	0.00607514470562682
Brain_Amygdala	ENSG00000010282.15	F3	42	3.38408241796595e-05	0.996163944647083	6.63695603170913e-09	0.00019175998000382	0.00361044791177814
Brain_Amygdala	ENSG00000144647.7	ASD	57	1.01249781405575e-09	0.992554363520733	5.77942500084616e-13	0.000559672643388156	0.00688596282280165
Brain_Amygdala	ENSG00000144647.7	ADHD	48	9.88622054892044e-10	0.993844333887141	2.68416884595947e-13	0.000263943042938906	0.00589172208102951
Brain_Amygdala	ENSG00000144792.9	ASD	393	7.58802807685855e-05	0.736674011586512	1.27882781620826e-05	0.124014141563156	0.139223178291402
Brain_Amygdala	ENSG00000144792.9	ADHD	354	9.98442689837313e-05	0.96843709342769	8.04007471178827e-07	0.0077747636975221	0.0236874945983327
Brain_Amygdala	ENSG00000144792.9	F3	125	7.88920802489244e-05	0.97302145684446	1.16245829929478e-07	0.00140823546298005	0.025491299366481
Brain_Amygdala	ENSG00000011376.12	ASD	176	3.97840701561523e-14	0.990565125893167	7.2222497338444e-17	0.00179059020763417	0.00764428389916066
Brain_Amygdala	ENSG00000011376.12	ADHD	160	4.37999603467725e-14	0.993290867324313	4.31566627738686e-17	0.000972966066408599	0.00573616660923433
Brain_Amygdala	ENSG00000011376.12	F3	48	1.12635479715832e-13	0.996257270686545	2.33487321367494e-17	0.000202979050129301	0.00353975026321228
Brain_Amygdala	ENSG00000241186.10	ASD	92	1.00229053411901e-27	0.977400981984959	1.33507694394372e-30	0.00128060500301929	0.0213184130120237
Brain_Amygdala	ENSG00000241186.10	ADHD	79	1.22627691107358e-27	0.994345535424307	5.53224368999787e-31	0.000443379421962049	0.00521108515372956
Brain_Amygdala	ENSG00000241186.10	F3	38	0.00285539432922505	0.990128807176266	7.52750806473827e-07	0.000254261047029519	0.00676078469667288
Brain_Amygdala	ENSG00000188086.15	ASD	184	8.87211364255388e-05	0.979904787386069	2.85747600895929e-07	0.00313915025204396	0.0168670554778599
Brain_Amygdala	ENSG00000188086.15	ADHD	99	0.000100553199589512	0.956747808967308	4.91818675744186e-07	0.00464106692441026	0.0385100790900164
Brain_Amygdala	ENSG00000188086.15	F3	73	0.000101676822642743	0.982655985696793	1.20204508639506e-07	0.00114562027073536	0.0160965970053197
Brain_Amygdala	ENSG00000286651.2	ASD	119	0.0534052181663611	0.927844986534914	0.000123009504994996	0.00212062118782272	0.0165061646059066
Brain_Amygdala	ENSG00000286651.2	ADHD	82	0.0613503091366308	0.898108633492386	0.00027386275216513	0.003972788931835	0.0362944056869833
Brain_Amygdala	ENSG00000286651.2	F3	63	0.0705713950416036	0.913812971694045	7.56202848691566e-05	0.000964614501280708	0.0145753984782014
Brain_Amygdala	ENSG00000114650.21	ASD	326	0.00421155539708356	0.977311045485854	2.09742009950206e-05	0.00485355816284379	0.0136028667532235
Brain_Amygdala	ENSG00000114650.21	ADHD	284	0.00475715816662045	0.979127358941085	4.40201524815035e-05	0.00905329349788479	0.00701816924192868
Brain_Amygdala	ENSG00000114650.21	F3	183	0.00681799468670464	0.98731289688951	6.79707741166819e-06	0.000979400958706978	0.00488291038766683
Brain_Amygdala	ENSG00000164048.14	ASD	691	7.61293147566723e-12	0.777610038696859	1.03668766870662e-12	0.105774096636318	0.116615864658174
Brain_Amygdala	ENSG00000164048.14	ADHD	605	1.60477466053864e-11	0.908255640912243	1.53668631168372e-12	0.086967185009771	0.0047771740604012
Brain_Amygdala	ENSG00000164048.14	F3	386	9.83064155471831e-07	0.989579119213472	2.97947953233544e-09	0.00299179704433497	0.00742809769855885
Brain_Amygdala	ENSG00000172113.10	ASD	625	0.000863251660959224	0.779401843747518	0.000116209761299961	0.104807201767827	0.114811493062396
Brain_Amygdala	ENSG00000172113.10	ADHD	547	0.00110195063601658	0.880937856543021	0.000107314139652107	0.0857585800492001	0.0320942986321103
Brain_Amygdala	ENSG00000172113.10	F3	347	0.00196493786434141	0.988738894903643	3.91200219201395e-06	0.00196115288607433	0.00733110234374867
Brain_Amygdala	ENSG00000232112.3	ASD	392	5.93329745262438e-11	0.939937755331015	3.36898147547539e-12	0.0533638415217166	0.0066984030845663
Brain_Amygdala	ENSG00000232112.3	ADHD	347	7.2054425665865e-11	0.981664648006677	6.82930691176271e-13	0.00929516160396824	0.0090401903166193
Brain_Amygdala	ENSG00000232112.3	F3	221	8.75262754765154e-11	0.986782040273513	1.44163116115806e-13	0.00161370852586122	0.0116042511129562
Brain_Amygdala	ENSG00000244380.1	ASD	31	0.798276500634225	0.200076993243216	0.00018194105827343	4.41806320801375e-05	0.0014203844322054
Brain_Amygdala	ENSG00000213672.8	ASD	682	8.01987904891152e-27	0.626735344695882	4.53746045964016e-27	0.354573544991108	0.0186911103130118
Brain_Amygdala	ENSG00000213672.8	ADHD	615	9.37116199189528e-27	0.398072832402066	9.29584446237772e-27	0.394666196334045	0.207260971263886
Brain_Amygdala	ENSG00000213672.8	F3	453	3.22550173371311e-26	0.905916302822772	2.77409699607159e-27	0.077897263994883	0.016186433182342
Brain_Amygdala	ENSG00000178467.18	ASD	218	0.167794890047253	0.743771700411156	0.00463630511494984	0.0204876891162903	0.0633094153103512
Brain_Amygdala	ENSG00000178467.18	ADHD	192	0.0594691281676458	0.225401165551545	0.03612236183278	0.136369112628737	0.542638231819292
Brain_Amygdala	ENSG00000178467.18	F3	150	0.244815938953612	0.730900366615873	0.00118570747339791	0.00352036356961595	0.0195776233875009
Brain_Amygdala	ENSG00000285416.1	ASD	256	0.000113390606398849	0.900470890763241	5.12459495867446e-06	0.0406372660865231	0.0587733279488796
Brain_Amygdala	ENSG00000285416.1	ADHD	224	2.97382425858218e-05	0.200670294760214	2.13596296210082e-05	0.143476560840991	0.655802046526588
Brain_Amygdala	ENSG00000285416.1	F3	171	0.000175047020459107	0.964542799953103	1.09776913842588e-06	0.00601965800567396	0.0292613972516251
Brain_Amygdala	ENSG00000178252.19	ASD	180	0.049182390812753	0.857059652505884	0.00177606402029376	0.0308888625720381	0.0610930300890312
Brain_Amygdala	ENSG00000178252.19	ADHD	159	0.0133121931503287	0.201923583508785	0.00928683331737657	0.140230397136318	0.635246992887191
Brain_Amygdala	ENSG00000178252.19	F3	129	0.0720802922465613	0.894441468791916	0.000437130987887137	0.00539669656549579	0.0276444114081396
Brain_Amygdala	ENSG00000177352.10	ASD	117	0.407923645639612	0.557756583092536	0.00258833441296032	0.00351082541716392	0.0282206114377281
Brain_Amygdala	ENSG00000177352.10	ADHD	102	0.134365595363598	0.156280497469357	0.0903557639782798	0.104578284158973	0.514419859029793
Brain_Amygdala	ENSG00000177352.10	F3	85	0.508707397889118	0.475103153593865	0.00132069300801276	0.00121980158294425	0.0136489539260599
Brain_Amygdala	ENSG00000233276.8	ASD	237	0.0155032681941849	0.942233839767649	0.000376199653658107	0.0228450435069541	0.0190416488775541
Brain_Amygdala	ENSG00000233276.8	ADHD	213	0.00565032503168516	0.317945181686235	0.00343948862828162	0.193060968514442	0.479904036139357
Brain_Amygdala	ENSG00000233276.8	F3	154	0.0211555562938482	0.968369882161367	7.73793133156247e-05	0.0035350819392019	0.0068621002922676
Brain_Amygdala	ENSG00000145020.16	ASD	151	0.395118666274213	0.590335651365831	0.00108414208593616	0.00160793249473319	0.0118536077792871
Brain_Amygdala	ENSG00000145020.16	ADHD	134	0.164855973953453	0.21986614654715	0.0426761993289365	0.0564004592476912	0.516201220922769
Brain_Amygdala	ENSG00000145020.16	F3	92	0.524460850879041	0.471074858482568	0.000351680843298667	0.000312081969810674	0.00380052782528135
Brain_Amygdala	ENSG00000173531.16	ASD	52	0.516524427055819	0.334675894393483	0.0208948541959741	0.0134240929544931	0.114480731400231
Brain_Amygdala	ENSG00000173531.16	ADHD	49	0.616653172201498	0.376958332711715	0.000468731225410523	0.000280895198111849	0.00563886866326471
Brain_Amygdala	ENSG00000173531.16	F3	32	0.706219497067441	0.285875905171454	0.00078599891245729	0.000311363179471669	0.0068072356691753
Brain_Amygdala	ENSG00000164068.16	ASD	276	0.00279325743971306	0.95608011098952	6.22886718367545e-05	0.0213004909288394	0.0197638519700909
Brain_Amygdala	ENSG00000164068.16	ADHD	240	0.000130256915795313	0.0375859304930934	0.00274777982118114	0.792711317213818	0.166824715556112
Brain_Amygdala	ENSG00000164068.16	F3	199	0.00405053230463558	0.984758122836469	6.78521942774232e-06	0.00164006583989661	0.00954449379957128
Brain_Amygdala	ENSG00000173540.14	ASD	410	1.61937022790117e-11	0.943924881117733	6.86031541801473e-13	0.0399724206413253	0.0161026982240607
Brain_Amygdala	ENSG00000173540.14	ADHD	369	2.489709789997e-14	0.00114517960561353	2.97496773747252e-12	0.135975252892744	0.862879567498643
Brain_Amygdala	ENSG00000173540.14	F3	255	3.22601728904258e-11	0.902175036923165	3.51447060974061e-13	0.00974034271909907	0.0880846203251252
Brain_Amygdala	ENSG00000004534.15	ASD	407	9.09437304254397e-09	0.889792294381408	2.90499219046355e-10	0.0283405392499297	0.0818671569837898
Brain_Amygdala	ENSG00000004534.15	ADHD	359	1.25006186439074e-10	0.0112866577271132	1.0015863741772e-08	0.904235773422463	0.0844775587095556
Brain_Amygdala	ENSG00000004534.15	F3	246	1.46522485997683e-08	0.989579649462125	3.11781645454384e-11	0.00209737958704293	0.00832295626740721
Brain_Amygdala	ENSG00000186792.17	ASD	89	6.66951959188532e-26	0.982478655570201	6.87554769727077e-28	0.0101208835404684	0.00740046088933213
Brain_Amygdala	ENSG00000186792.17	ADHD	77	2.544512159671e-28	0.00353777826749213	1.50856657555263e-26	0.208956984517757	0.787505237214754
Brain_Amygdala	ENSG00000068028.18	ASD	142	0.573966198419528	0.419239415069091	0.00099885752273618	0.000724519765847887	0.00507100922279654
Brain_Amygdala	ENSG00000068028.18	ADHD	120	0.613955523757124	0.38182879638737	0.000624595490185241	0.000385240118070949	0.00320584424724985
Brain_Amygdala	ENSG00000068028.18	F3	90	0.67055255862946	0.326580462093364	0.000419813498511985	0.000202217602257075	0.00224494817640677
Brain_Amygdala	ENSG00000114735.10	ASD	1031	0.00642495842653692	0.968454807927697	8.22626145130721e-05	0.0123870596001322	0.0126509114311211
Brain_Amygdala	ENSG00000114735.10	ADHD	891	0.0076108219587313	0.977519329686617	5.76136792674886e-05	0.00739237025597954	0.00741986441940473
Brain_Amygdala	ENSG00000114735.10	F3	680	0.0099738725232204	0.98028851658141	4.08199428223287e-05	0.00400632403427754	0.00569046691827009
Brain_Amygdala	ENSG00000273356.1	ASD	346	0.450718533918633	0.538068199994514	0.00199101725807286	0.00237002600957822	0.00685222281920183
Brain_Amygdala	ENSG00000273356.1	ADHD	292	0.496234199110363	0.498127194043641	0.00103905664259171	0.00103946026366451	0.00356008993974035
Brain_Amygdala	ENSG00000273356.1	F3	234	0.553625267448931	0.442769986044402	0.000694501538400587	0.000553080700558087	0.00235716426770848
Brain_Amygdala	ENSG00000164088.18	ASD	157	0.00502573191240391	0.943296588173683	2.93779174904967e-05	0.00546786006389666	0.0461804419325259
Brain_Amygdala	ENSG00000164088.18	ADHD	149	0.00532457018915113	0.986990551924946	6.38336131797536e-06	0.00117675194486379	0.00650174257972062
Brain_Amygdala	ENSG00000164088.18	F3	112	0.00627531140648791	0.987387214508849	4.22898123021238e-06	0.000659734423146313	0.00567351068028623
Brain_Amygdala	ENSG00000010322.16	ASD	89	0.310827028101881	0.670222036927494	0.000753725864506199	0.00160863587162524	0.0165885732344938
Brain_Amygdala	ENSG00000010322.16	ADHD	83	0.328816806668514	0.665450522729485	0.000204573099766049	0.000408890275911034	0.00511920722632388
Brain_Amygdala	ENSG00000010322.16	F3	63	0.397881271279027	0.598101349894449	0.000158074819937076	0.000233995232863646	0.00362530877372283
Brain_Amygdala	ENSG00000055955.17	ASD	466	6.03108516702858e-15	0.707098551600532	1.52230924191571e-15	0.178364564344927	0.114536884054535
Brain_Amygdala	ENSG00000055955.17	ADHD	415	8.70047592876777e-15	0.987667401967014	2.973152036978e-17	0.0033661194040935	0.0089664786288813
Brain_Amygdala	ENSG00000055955.17	F3	302	1.08482817903174e-14	0.985557365196605	5.62834383004628e-17	0.0051039648215554	0.00933866998182796
Brain_Amygdala	ENSG00000242142.1	ASD	221	2.98911820300804e-22	0.960819199185736	7.0954234424756e-24	0.0227910692140599	0.0163897316002022
Brain_Amygdala	ENSG00000242142.1	ADHD	200	3.54504506869052e-22	0.990503880176074	1.08886702303033e-24	0.003035890404802	0.0064602294191265
Brain_Amygdala	ENSG00000242142.1	F3	86	1.22819754671725e-21	0.995944883369574	6.77845756071407e-25	0.000546155882890609	0.00350896074753729
Brain_Amygdala	ENSG00000163933.10	ASD	200	2.53365945699629e-14	0.962287657931265	5.75526535169554e-16	0.0218427144088141	0.015869627659894
Brain_Amygdala	ENSG00000163933.10	ADHD	181	2.94141083072231e-14	0.990776699735614	7.86695479927125e-17	0.00264330332829708	0.00657999693605921
Brain_Amygdala	ENSG00000163933.10	F3	77	6.76079100450661e-14	0.996006907702628	3.29070361878215e-17	0.000481278136204814	0.00351181416109813
Brain_Amygdala	ENSG00000113812.14	ASD	123	1.06176520593732e-08	0.986772826712622	1.6369668908456e-11	0.00150963053719516	0.011717532116161
Brain_Amygdala	ENSG00000113812.14	ADHD	106	1.17800794470501e-08	0.994252178687717	7.61234061146704e-12	0.000637379824451699	0.00511042970013907
Brain_Amygdala	ENSG00000180376.17	ASD	301	4.9987005630959e-09	0.820267000277847	1.98671936394797e-10	0.0324540003280881	0.147278994196693
Brain_Amygdala	ENSG00000180376.17	ADHD	251	1.19847038333424e-08	0.980836880901303	1.43518654487318e-10	0.0117382462360234	0.00742486073445059
Brain_Amygdala	ENSG00000180376.17	F3	126	0.000167810568907673	0.972748679782358	1.34926745996887e-06	0.00780202783930656	0.0192801325419671
Brain_Amygdala	ENSG00000168374.11	ASD	94	0.125502744786142	0.863601151106636	0.000134498864860607	0.000915658708476509	0.0098459465338857
Brain_Amygdala	ENSG00000168374.11	ADHD	83	0.134433088930468	0.807907957679681	0.000711418930693452	0.00422271823074711	0.0527248162284111
Brain_Amygdala	ENSG00000168374.11	F3	33	0.306548714395758	0.687633748134202	8.04877058225841e-05	0.000174983668511598	0.00556206609570588
Brain_Amygdala	ENSG00000136068.16	ASD	46	0.0253229294307128	0.966820259185633	2.05253935464869e-05	0.000776592385938944	0.00705969360416893
Brain_Amygdala	ENSG00000136068.16	ADHD	43	0.0254923210696346	0.968522902746409	1.66280348227308e-05	0.000626402712413481	0.00534174543671991
Brain_Amygdala	ENSG00000273493.1	ASD	48	0.673493308456482	0.311368918625294	0.00134567741990978	0.000608949424204959	0.0131831460741091
Brain_Amygdala	ENSG00000273493.1	ADHD	40	0.725617931107381	0.271789983970645	0.000240960984473249	8.79920551795368e-05	0.00226313188232152
Brain_Amygdala	ENSG00000273493.1	F3	32	0.772887741267347	0.221029172704445	0.000608990997130986	0.000168853007736965	0.00530524202334009
Brain_Amygdala	ENSG00000168291.13	ASD	228	0.00224578245982737	0.982724850008322	1.47673740059622e-05	0.00645344737414263	0.00856115278370177
Brain_Amygdala	ENSG00000168291.13	ADHD	207	0.0025259875262695	0.955835171655393	9.25308448780961e-06	0.0034632062530901	0.0381663814807603
Brain_Amygdala	ENSG00000168291.13	F3	129	0.00823586435718256	0.984786478036478	2.06675383460086e-05	0.00246678802872707	0.00449020203926606
Brain_Amygdala	ENSG00000163634.12	ASD	59	0.00609587931055409	0.970741850772223	9.11348950367899e-06	0.00142955934621391	0.0217235970815054
Brain_Amygdala	ENSG00000163634.12	ADHD	48	0.00874641476714111	0.985769730409606	2.70872612423376e-06	0.000300107504465095	0.00518103859266318
Brain_Amygdala	ENSG00000144741.19	ASD	233	1.48373637824305e-36	0.980931248039605	6.11988435131968e-39	0.00403095438987365	0.0150377975705143
Brain_Amygdala	ENSG00000144741.19	ADHD	205	1.2657539809039e-36	0.992634655841916	1.77331363666584e-39	0.00138469447201061	0.00598064968607765
Brain_Amygdala	ENSG00000144741.19	F3	42	9.37643591777554e-36	0.989886978362819	2.88010499499538e-39	0.000294239012454833	0.00981878262473125
Brain_Amygdala	ENSG00000241316.8	ASD	244	5.43669098800069e-10	0.990816352419314	1.09535912468722e-12	0.00198905594974309	0.00719459108617683
Brain_Amygdala	ENSG00000241316.8	ADHD	224	5.82940524189934e-10	0.993455869663476	7.82095800613124e-13	0.00132764275252157	0.00521648700028068
Brain_Amygdala	ENSG00000241316.8	F3	98	1.5361781891351e-09	0.996058587887968	6.97943340694101e-13	0.000449054401275517	0.00349235617388045
Brain_Amygdala	ENSG00000144746.7	ASD	49	5.37189368007461e-10	0.99101948218803	3.96331603518015e-13	0.000722904178042681	0.00825761309634186
Brain_Amygdala	ENSG00000144746.7	ADHD	44	5.57455303665807e-10	0.991781883447958	1.9206185966599e-13	0.000333817487565414	0.00788429850683156
Brain_Amygdala	ENSG00000170837.3	ASD	31	0.172076327367928	0.818423855396819	6.09572576642899e-05	0.000280764839615014	0.00915809513797361
Brain_Amygdala	ENSG00000241163.9	ASD	40	0.000923761622956768	0.991233164473064	2.88658658479591e-07	0.000302201701030641	0.00754058354429004
Brain_Amygdala	ENSG00000241163.9	ADHD	37	0.000991523839624353	0.993288634726713	2.0357399989145e-07	0.0001984151147764	0.00552122274488599
Brain_Amygdala	ENSG00000172986.13	ASD	52	0.0255061446795399	0.959567398650176	2.91331372447215e-05	0.00108220346963984	0.0138151200633992
Brain_Amygdala	ENSG00000172986.13	ADHD	49	0.0260860391359726	0.966750561047475	8.93090788101409e-06	0.000324149794794159	0.00683031911387724
Brain_Amygdala	ENSG00000243422.3	ASD	89	0.000211463068815145	0.99130815757431	1.54316183576328e-07	0.000715647280783933	0.00776457775990714
Brain_Amygdala	ENSG00000243422.3	ADHD	62	0.000317570282068208	0.990006092004264	1.53658944983994e-07	0.000469816072765283	0.00920636798195666
Brain_Amygdala	ENSG00000242516.3	ASD	175	0.0125620218394338	0.976960634337158	2.62137587544084e-05	0.00203024858657488	0.00842088147807898
Brain_Amygdala	ENSG00000242516.3	ADHD	119	0.017524393572734	0.975826512280463	1.67002507671599e-05	0.000924226862826105	0.00570816703320922
Brain_Amygdala	ENSG00000242516.3	F3	33	0.248189927978181	0.745575675543468	5.91492861699044e-05	0.000171684022113076	0.00600356317006776
Brain_Amygdala	ENSG00000227124.11	ASD	131	5.80786664063256e-05	0.988281365019519	7.05870542495651e-08	0.00119065744689555	0.0104698282801237
Brain_Amygdala	ENSG00000227124.11	ADHD	83	0.000148346024691657	0.991311035304448	9.71243177521603e-08	0.000641126476599048	0.00789939506994366
Brain_Amygdala	ENSG00000179097.7	ASD	41	0.765755948620507	0.231303985901737	0.000342944719599651	0.00010109374036208	0.0024960270177942
Brain_Amygdala	ENSG00000179097.7	ADHD	38	0.776285226147231	0.215979243160566	0.0010708537568858	0.000291561427309092	0.00637311550800827
Brain_Amygdala	ENSG00000163320.12	ASD	63	0.0285819112047362	0.959046065302653	2.48051797764169e-05	0.000820794056109038	0.0115264242567248
Brain_Amygdala	ENSG00000163320.12	ADHD	59	0.0296480253286889	0.961804080125402	1.85506548090861e-05	0.000593861611677862	0.00793548227942211
Brain_Amygdala	ENSG00000163320.12	F3	44	0.0975512396467113	0.896908500852689	3.04247833291295e-05	0.000274497107650159	0.00523533760962065
Brain_Amygdala	ENSG00000179021.10	ASD	264	0.373708797397179	0.614986515182531	0.00125591104893638	0.00205877525767617	0.00799000111367798
Brain_Amygdala	ENSG00000179021.10	ADHD	225	0.402315012636981	0.5462542847591	0.00689381345201498	0.00932505317578733	0.0352118359761174
Brain_Amygdala	ENSG00000179021.10	F3	172	0.525742662455635	0.469185954193842	0.000740338195051987	0.000657022373529484	0.00367402278194158
Brain_Amygdala	ENSG00000178750.3	ASD	67	0.298949314309252	0.693743582915798	0.000248911051046613	0.00057113743292153	0.00648705429098201
Brain_Amygdala	ENSG00000178750.3	ADHD	48	0.374490964361597	0.616774782077515	0.000415716471119208	0.000677030382019071	0.00764150670775028
Brain_Amygdala	ENSG00000178700.9	ASD	108	0.129350473309067	0.859164856715215	0.000162298538180117	0.00106775613126	0.0102546153062774
Brain_Amygdala	ENSG00000178700.9	ADHD	83	0.187841166658288	0.784629242005945	0.00147902324138621	0.00615811903502144	0.0198924490593586
Brain_Amygdala	ENSG00000178700.9	F3	30	0.58828447688141	0.407911727872434	0.000213654066900518	0.000144700572115088	0.00344544060714053
Brain_Amygdala	ENSG00000239445.6	ASD	217	1.18544259519324e-32	0.98564454597731	4.00224581545121e-35	0.00331665650857282	0.0110387975141204
Brain_Amygdala	ENSG00000239445.6	ADHD	182	1.29418480450657e-32	0.968549570230786	3.29907093664663e-35	0.00243996748176146	0.0290104622874493
Brain_Amygdala	ENSG00000239445.6	F3	85	4.37638879018961e-22	0.933402211551064	5.11649040133875e-25	0.00102567999114885	0.0655721084577859
Brain_Amygdala	ENSG00000114021.12	ASD	43	0.0105064399108989	0.980400703326915	4.23436309172071e-06	0.000386424275588876	0.00870219812350556
Brain_Amygdala	ENSG00000114021.12	ADHD	37	0.0112419509347168	0.98068392310426	4.10016112385783e-06	0.000349954688336743	0.00772007111156241
Brain_Amygdala	ENSG00000206535.8	ASD	30	0.00225003017479745	0.985168219872279	8.88655879688377e-07	0.000376891047620924	0.0122039702494226
Brain_Amygdala	ENSG00000154175.18	ASD	115	0.0210389330882645	0.949381747603612	6.21219908221373e-05	0.00277651383345904	0.0267406834838422
Brain_Amygdala	ENSG00000154175.18	ADHD	98	0.0249882161569002	0.881767347042682	0.000196237583856262	0.00683849002209147	0.0862097091944704
Brain_Amygdala	ENSG00000154175.18	F3	56	0.0472372644108218	0.902948415943549	0.00010968268533769	0.00204894766437783	0.047655689295914
Brain_Amygdala	ENSG00000081154.12	ASD	52	0.32203637770637	0.662291839644401	0.000370594037928694	0.000747600703135418	0.014553587908165
Brain_Amygdala	ENSG00000081154.12	ADHD	46	0.353945385911567	0.641124382639957	0.000114864856037094	0.000203450295685886	0.00461191629675333
Brain_Amygdala	ENSG00000081154.12	F3	33	0.432261153591876	0.565213799562326	5.9979744463525e-05	7.6038975369845e-05	0.00238902812596437
Brain_Amygdala	ENSG00000256628.3	ASD	265	0.00338456327681785	0.973896260893513	1.94809229545425e-05	0.00558845629624186	0.0171112386104732
Brain_Amygdala	ENSG00000256628.3	ADHD	222	0.00435197012559077	0.989340425328844	5.62365149617388e-06	0.00127340523766639	0.00502857565640208
Brain_Amygdala	ENSG00000256628.3	F3	40	0.0142820257527282	0.98196768080195	3.0132838650859e-06	0.000203636165074549	0.00354364399638209
Brain_Amygdala	ENSG00000177707.11	ASD	190	0.00197107909936222	0.974558851341353	1.15434233338714e-05	0.00568963543845637	0.0177688906974938
Brain_Amygdala	ENSG00000177707.11	ADHD	159	0.0027840251868783	0.983474285138546	8.8869665014608e-06	0.00312877239065332	0.010604030317421
Brain_Amygdala	ENSG00000177707.11	F3	83	0.00768783145408552	0.977247778486321	2.2255847136492e-05	0.0028168530229283	0.0122252811895287
Brain_Amygdala	ENSG00000240057.7	ASD	124	0.0168114365560893	0.970722391138087	1.95977879367546e-05	0.00112028500994956	0.0113262895079371
Brain_Amygdala	ENSG00000240057.7	ADHD	113	0.0276435656644391	0.966691460317221	1.78758228215414e-05	0.000620087907139129	0.00502701028837882
Brain_Amygdala	ENSG00000240057.7	F3	46	0.22685113892382	0.770172414762114	3.95309308827721e-05	0.000131404229384479	0.002805511153799
Brain_Amygdala	ENSG00000243795.1	ASD	42	5.72952657853658e-05	0.991174631918693	3.04846290149006e-08	0.000519117350904182	0.00824892497998815
Brain_Amygdala	ENSG00000243795.1	ADHD	40	5.91636934547954e-05	0.994827753826513	1.72273932756282e-08	0.000284847560744318	0.004828217691894
Brain_Amygdala	ENSG00000163389.12	ASD	65	0.282611475482575	0.706599795420814	0.000255646817267447	0.000629277560697274	0.00990380471864677
Brain_Amygdala	ENSG00000163389.12	ADHD	56	0.31779984119126	0.67529812947534	0.00017724709924163	0.000370280786109466	0.00635450144804904
Brain_Amygdala	ENSG00000163389.12	F3	39	0.386284667189285	0.609540003265086	9.71665914931718e-05	0.000149395787304763	0.0039287671668313
Brain_Amygdala	ENSG00000173230.16	ASD	155	0.647068426302189	0.347429234793834	0.00110742576410272	0.000590803926310489	0.0038041092135648
Brain_Amygdala	ENSG00000173230.16	ADHD	121	0.68863802187273	0.291037067629253	0.00420215230451297	0.00176158212882444	0.0143611760646796
Brain_Amygdala	ENSG00000173226.17	ASD	366	9.44741651128064e-12	0.982805712334472	5.43405942170998e-14	0.00564144725167855	0.0115528404043481
Brain_Amygdala	ENSG00000173226.17	ADHD	322	8.72328738881672e-12	0.978069885039914	6.01061471706106e-14	0.00672399778992502	0.0152061171613768
Brain_Amygdala	ENSG00000173226.17	F3	240	1.7590562556132e-11	0.992696900105759	2.80652813022671e-14	0.00157809687082306	0.0057250030057985
Brain_Amygdala	ENSG00000163406.11	ASD	184	0.0828838725978972	0.907971152771708	0.000162073995514707	0.0017682636065587	0.00721463702832187
Brain_Amygdala	ENSG00000163406.11	ADHD	158	0.0893762908818959	0.85818408965964	0.000786383730863211	0.00750664791859736	0.0441465878090042
Brain_Amygdala	ENSG00000163406.11	F3	119	0.120838904984942	0.870943607125098	0.000147468227875458	0.00105585967471182	0.00701415998737276
Brain_Amygdala	ENSG00000160124.9	ASD	97	0.521577271475979	0.469175974537901	0.00077804059170214	0.000692096580898678	0.00777661681352017
Brain_Amygdala	ENSG00000160124.9	ADHD	87	0.547432960069794	0.442889233476053	0.000844769064182543	0.000675285062757193	0.00815775232721402
Brain_Amygdala	ENSG00000160124.9	F3	64	0.615785040960634	0.381765293113142	0.000209672894666763	0.000127877781818018	0.00211211524973987
Brain_Amygdala	ENSG00000196981.4	ASD	62	0.337093232193587	0.655168094169578	0.00022685898626766	0.000433840904129073	0.00707797374643762
Brain_Amygdala	ENSG00000196981.4	ADHD	52	0.38330080050661	0.613497715090224	9.60519898778975e-05	0.000150782770790944	0.00295464964249772
Brain_Amygdala	ENSG00000272758.7	ASD	119	0.465442355322197	0.511832745794682	0.00198407445463071	0.00216324851783138	0.0185775759106593
Brain_Amygdala	ENSG00000272758.7	ADHD	109	0.501293621940248	0.493628263427538	0.000522864195341506	0.000510824571980903	0.00404442586489247
Brain_Amygdala	ENSG00000272758.7	F3	79	0.60793319069867	0.387864919687985	0.000430071021319236	0.000270886887049266	0.00350093170497717
Brain_Amygdala	ENSG00000114030.13	ASD	83	0.353599853680701	0.640481365941889	0.000243106639144449	0.000435102575725126	0.00524057116254059
Brain_Amygdala	ENSG00000114030.13	ADHD	71	0.386830284061203	0.608482941875195	0.000215366672605787	0.00033463439339926	0.00413677299759708
Brain_Amygdala	ENSG00000173193.15	ASD	111	0.459541689712487	0.531544997560168	0.000730700262237143	0.00083784529458657	0.0073447671705216
Brain_Amygdala	ENSG00000173193.15	ADHD	92	0.508462039694128	0.486340472548806	0.000466855843323365	0.000442256053672255	0.00428837586007084
Brain_Amygdala	ENSG00000173193.15	F3	50	0.595185208063741	0.402544519558323	0.000163187899107829	0.000108370955537871	0.00199871352329006
Brain_Amygdala	ENSG00000273033.2	ASD	133	0.0047065494196377	0.986442096222481	5.78755780519829e-06	0.0012053696204902	0.00764019717958559
Brain_Amygdala	ENSG00000273033.2	ADHD	115	0.0051024485204967	0.988015804164786	5.33461374049889e-06	0.00102712197072492	0.00584929073025125
Brain_Amygdala	ENSG00000144909.8	ASD	163	0.118030672535477	0.869143873710116	0.000241567552987437	0.00176801800825592	0.0108158681931635
Brain_Amygdala	ENSG00000144909.8	ADHD	116	0.15995180794842	0.833689915441485	0.000125734576577245	0.000649762413780996	0.00558277961973626
Brain_Amygdala	ENSG00000243429.1	ASD	48	0.290723650885416	0.701178820382895	0.000148476787363244	0.00035050365047991	0.00759854829384581
Brain_Amygdala	ENSG00000243429.1	ADHD	40	0.321571843655875	0.674167749353906	7.8716109920651e-05	0.000161005773863927	0.00402068510643499
Brain_Amygdala	ENSG00000284624.1	ASD	246	0.032758874563243	0.937715447141809	0.000240899569149974	0.00687328471697155	0.0224114940088258
Brain_Amygdala	ENSG00000284624.1	ADHD	190	0.0429488445298093	0.935165914796045	0.000165375390138703	0.00358273804640004	0.018137127237607
Brain_Amygdala	ENSG00000241278.1	ASD	302	5.71113854970747e-05	0.977160657181	6.86384120693779e-07	0.0117328014995877	0.0110487435497956
Brain_Amygdala	ENSG00000241278.1	ADHD	146	0.00013607168009842	0.978090893793924	2.95924605338648e-07	0.00210745743475739	0.0196652811666149
Brain_Amygdala	ENSG00000241278.1	F3	50	0.690792247621184	0.305610425454104	0.000346091941445142	0.000150011823252296	0.0031012231600145
Brain_Amygdala	ENSG00000171084.16	ASD	558	3.32003281107131e-09	0.962957605454874	3.66541844465118e-11	0.0106049109711629	0.026437480217278
Brain_Amygdala	ENSG00000171084.16	ADHD	453	3.66449973146393e-09	0.698573046821386	2.95186738048799e-10	0.0560268100098247	0.245400139209103
Brain_Amygdala	ENSG00000171084.16	F3	79	0.00604419275939734	0.789691717033885	6.13234674300106e-05	0.00781570590459636	0.196387060834691
Brain_Amygdala	ENSG00000241439.1	ASD	245	1.98149946198051e-08	0.988837264802981	6.78381608568663e-11	0.00337757542760615	0.00778513988657868
Brain_Amygdala	ENSG00000241439.1	ADHD	209	2.53966626477948e-08	0.959906631996591	8.49775347487584e-10	0.0321106071396851	0.00798273461728641
Brain_Amygdala	ENSG00000241439.1	F3	127	7.49872319777439e-05	0.987990580357368	6.10641959599427e-07	0.00804159082187823	0.00389223094681698
Brain_Amygdala	ENSG00000114547.10	ASD	314	1.83600920168684e-08	0.990155080980979	5.42588697450372e-11	0.00291924135107369	0.00692565925359651
Brain_Amygdala	ENSG00000114547.10	ADHD	266	1.99089630793381e-08	0.991139244070471	8.40519947983698e-11	0.00417972730309476	0.00468100863341953
Brain_Amygdala	ENSG00000114547.10	F3	125	0.00017571771788215	0.995557477197671	1.08397221080482e-07	0.000610485978563908	0.00365621070866113
Brain_Amygdala	ENSG00000189366.11	ASD	254	8.22537279480788e-16	0.989586939011956	1.83662639977413e-18	0.00220141646888173	0.00821164451915957
Brain_Amygdala	ENSG00000189366.11	ADHD	216	8.06266207716715e-16	0.980419816345796	3.00834621800974e-18	0.00364221143095994	0.0159379722232457
Brain_Amygdala	ENSG00000189366.11	F3	103	1.55901635508593e-15	0.994522039119187	7.8553743573317e-19	0.000496125346466156	0.00498183553434633
Brain_Amygdala	ENSG00000250012.2	ASD	460	5.02010107646115e-26	0.962593106636479	4.57716815845515e-28	0.00874795820887878	0.0286589351546434
Brain_Amygdala	ENSG00000250012.2	ADHD	378	4.61918337595986e-26	0.849589449014051	3.56926003994982e-27	0.0655632429260434	0.0848473080599091
Brain_Amygdala	ENSG00000250012.2	F3	82	7.76396289620556e-25	0.917341170333091	6.90757000614421e-27	0.00808697971631325	0.0745718499505944
Brain_Amygdala	ENSG00000114544.17	ASD	84	0.0806850417706362	0.911299477050183	6.1131745962096e-05	0.000683183060381955	0.00727116637283696
Brain_Amygdala	ENSG00000114544.17	ADHD	68	0.102797479947813	0.892142461248389	4.74861800842756e-05	0.000407510464380587	0.00460506215933246
Brain_Amygdala	ENSG00000251448.2	ASD	60	0.0313297351769779	0.959334356010057	5.32265543447432e-05	0.0016221669296368	0.00766051532898388
Brain_Amygdala	ENSG00000251448.2	ADHD	55	0.0344933000555619	0.936245345883563	0.000489523786501856	0.0132715544877009	0.0155002757866723
Brain_Amygdala	ENSG00000070476.15	ASD	74	3.30636173489216e-05	0.966048129226315	4.83834414554113e-08	0.00138112296309789	0.0325376358097968
Brain_Amygdala	ENSG00000070476.15	ADHD	61	3.91930625084745e-05	0.994534395949849	1.75106390114217e-08	0.000439350083570163	0.00498704339343313
Brain_Amygdala	ENSG00000187715.13	ASD	82	0.301785423488636	0.684144120140897	0.000444111592212869	0.000994163743654213	0.0126321810345996
Brain_Amygdala	ENSG00000187715.13	ADHD	75	0.317960922667922	0.670313183591483	0.000346914974104359	0.000720694735000714	0.0106582840314905
Brain_Amygdala	ENSG00000187715.13	F3	59	0.377256888649488	0.61532517679532	0.000249302677162349	0.000399856573405697	0.00676877530462395
Brain_Amygdala	ENSG00000132394.11	ASD	230	0.275280558390344	0.681457442256157	0.00302159039635297	0.00744715838525961	0.0327932505718863
Brain_Amygdala	ENSG00000132394.11	ADHD	214	0.298974774156789	0.689845135238788	0.000768697609074764	0.00176502268784461	0.00864637030750344
Brain_Amygdala	ENSG00000132394.11	F3	155	0.370266811709197	0.625719291562145	0.000296208780036177	0.000497347201731886	0.00322034074688953
Brain_Amygdala	ENSG00000242551.2	ASD	124	0.00209063069360848	0.927606974620219	1.45468434710336e-05	0.00639049629324523	0.0638973515494569
Brain_Amygdala	ENSG00000242551.2	ADHD	111	0.002461828233732	0.991646817067037	1.67120258749507e-06	0.000667953881849941	0.00522172961479334
Brain_Amygdala	ENSG00000242551.2	F3	53	0.00858039695025923	0.987016094335975	2.21166206185142e-06	0.000250259809124347	0.0041510372425794
Brain_Amygdala	ENSG00000163902.12	ASD	115	0.0837078868660055	0.865076876954852	0.000505983290359786	0.00518354482523579	0.0455257080635471
Brain_Amygdala	ENSG00000163902.12	ADHD	103	0.0925702313648406	0.901131186187587	6.82241112131246e-05	0.000658560432918957	0.0055717979034396
Brain_Amygdala	ENSG00000163902.12	F3	48	0.149887876782093	0.844609850675529	3.54147851921104e-05	0.000194287775223941	0.0052725699819611
Brain_Amygdala	ENSG00000261159.1	ASD	168	6.32197611264536e-11	0.989381214993488	1.20340014304015e-13	0.00187456168367502	0.0087442232594968
Brain_Amygdala	ENSG00000261159.1	ADHD	140	6.05429495099541e-11	0.845136060120093	5.95452383829278e-13	0.00816538874781188	0.146698551070959
Brain_Amygdala	ENSG00000261159.1	F3	59	1.55390757756507e-10	0.958482937066254	1.86151167106951e-13	0.00110781037122449	0.0404092524069446
Brain_Amygdala	ENSG00000231305.4	ASD	217	1.00273143908425e-08	0.988957495128032	2.62201694833487e-11	0.00257753485248296	0.00846495996594852
Brain_Amygdala	ENSG00000231305.4	ADHD	181	8.24371172438696e-09	0.751255945021677	8.59333876512701e-11	0.00759002330396166	0.241154023344718
Brain_Amygdala	ENSG00000231305.4	F3	71	5.69040993945037e-08	0.961553708743946	7.35213086904759e-11	0.00120510674890244	0.0372411275295298
Brain_Amygdala	ENSG00000177646.20	ASD	30	0.975963115361926	0.0219760583376657	0.0011639274995216	2.53369476977222e-05	0.000871561853188919
Brain_Amygdala	ENSG00000270773.1	ASD	53	0.00106173508979811	0.979949112961445	1.19159913108535e-06	0.00108190360645139	0.0179060567431747
Brain_Amygdala	ENSG00000270773.1	ADHD	48	0.000383887836083973	0.345510614666293	7.26681810329327e-05	0.0648143331023257	0.589218496214265
